,0,1,2,3,4,5,6,7,8,9,10
0,3,3,3,3,3,3,3,3,3,3,3
1,2,2,2,2,2,2,2,2,2,2,2
2,1,1,1,1,1,1,1,1,1,1,1
3,4,4,4,4,4,4,4,4,4,4,4
4,0,0,0,0,0,0,0,0,0,0,0
5,0,0,5,5,5,5,5,5,5,5,5
6,0,0,0,0,0,0,0,0,0,0,0
7,5,5,5,5,5,5,5,5,5,5,5
8,5,5,5,5,5,5,5,5,5,5,5
9,5,5,5,5,5,5,5,5,5,5,5
10,0,0,0,0,0,0,0,0,0,0,0
11,5,5,5,5,5,5,5,5,5,5,5
12,5,5,5,5,5,5,5,5,5,5,5
13,0,0,0,0,0,0,0,0,0,0,0
14,5,5,5,5,5,5,5,5,5,5,5
15,0,0,0,0,0,0,0,0,0,0,0
16,5,5,5,5,5,5,5,5,5,5,5
17,0,0,0,0,0,0,0,0,0,0,0
18,0,0,0,0,0,0,0,0,0,0,0
19,5,5,5,5,5,5,5,5,5,5,5
20,0,0,0,0,0,0,0,0,0,0,0
21,0,0,0,0,0,0,0,5,5,5,5
22,5,5,5,5,5,5,5,5,5,5,5
23,5,5,5,5,5,5,5,5,5,5,5
24,5,5,5,5,5,5,5,5,5,5,5
25,0,0,0,0,0,0,0,0,0,0,0
26,0,0,0,0,0,0,0,0,0,0,0
27,5,5,5,5,5,5,5,5,5,5,5
28,0,0,0,0,0,0,0,0,0,0,0
29,5,5,5,5,5,5,5,5,5,5,5
30,0,0,0,0,0,0,0,0,0,0,0
31,5,5,5,5,5,5,5,5,5,5,5
32,0,0,0,0,0,0,0,0,0,0,0
33,5,5,5,5,5,5,5,5,5,5,5
34,5,5,5,5,5,5,5,5,5,5,5
35,5,5,5,5,5,5,5,5,5,5,5
36,0,0,0,0,0,0,0,0,0,0,0
37,5,5,5,5,5,5,5,5,5,5,5
38,5,5,5,5,5,5,5,5,5,5,5
39,0,0,0,0,0,0,0,0,0,0,0
40,5,5,5,5,5,5,5,5,5,5,5
41,0,0,0,0,0,0,0,0,0,0,0
42,5,5,5,5,5,5,5,5,5,5,5
43,5,5,5,5,5,5,5,5,5,5,5
44,0,0,0,0,0,0,0,0,0,0,0
45,0,0,0,0,0,0,0,0,0,0,0
46,0,0,0,0,0,0,0,0,0,0,0
47,0,0,0,0,0,0,0,0,0,0,0
48,0,0,0,0,0,0,0,0,0,0,0
49,5,5,5,5,5,5,5,5,5,5,5
50,0,0,0,0,0,0,0,0,0,0,0
51,5,5,5,5,5,5,5,5,5,5,5
52,5,5,5,5,5,5,5,5,5,5,5
53,0,0,0,0,0,0,0,0,0,0,0
54,0,0,0,0,0,0,0,0,0,0,0
55,0,5,5,5,5,5,5,5,5,5,5
56,5,5,5,5,5,5,5,5,5,5,5
57,0,0,5,5,5,5,5,5,5,5,5
58,5,5,5,5,5,5,5,5,5,5,5
59,5,5,5,5,5,5,5,5,5,5,5
60,5,5,5,5,5,5,5,5,5,5,5
61,0,0,0,0,0,0,0,0,0,0,0
62,5,5,5,5,5,5,5,5,5,5,5
63,5,5,5,5,5,5,5,5,5,5,5
64,5,5,5,5,5,5,5,5,5,5,5
65,5,5,5,5,5,5,5,5,5,5,5
66,5,5,5,5,5,5,5,5,5,5,5
67,5,5,5,5,5,5,5,5,5,5,5
68,5,5,5,5,5,5,5,5,5,5,5
69,0,0,0,0,0,0,0,0,0,0,0
70,5,5,5,5,5,5,5,5,5,5,5
71,5,5,5,5,5,5,5,5,5,5,5
72,0,0,0,0,0,0,0,0,0,0,0
73,0,0,0,0,0,0,0,0,0,0,0
74,5,5,5,5,5,5,5,5,5,5,5
75,5,5,5,5,5,5,5,5,5,5,5
76,0,0,0,0,0,0,0,0,0,0,0
77,0,0,0,0,0,0,0,0,0,0,5
78,5,5,5,5,5,5,5,5,5,5,5
79,0,0,0,0,0,0,0,0,0,0,0
80,0,0,0,0,0,0,0,0,0,0,0
81,5,5,5,5,5,5,5,5,5,5,5
82,5,5,5,5,5,5,5,5,5,5,5
83,0,0,0,0,0,0,0,0,0,0,0
84,0,0,0,5,5,5,5,5,5,5,5
85,0,0,0,0,0,0,0,0,0,0,0
86,5,5,5,5,5,5,5,5,5,5,5
87,0,0,0,5,5,5,5,5,5,5,5
88,5,5,5,5,5,5,5,5,5,5,5
89,5,5,5,5,5,5,5,5,5,5,5
90,5,5,5,5,5,5,5,5,5,5,5
91,0,0,0,0,0,0,0,0,0,0,0
92,0,0,0,0,0,0,0,0,0,0,0
93,5,5,5,5,5,5,5,5,5,5,5
94,5,5,5,5,5,5,5,5,5,5,5
95,5,5,5,5,5,5,5,5,5,5,5
96,5,5,5,5,5,5,5,5,5,5,5
97,5,5,5,5,5,5,5,5,5,5,5
98,0,0,0,0,0,0,0,0,0,0,0
99,5,5,5,5,5,5,5,5,5,5,5
100,0,0,0,0,0,0,0,0,5,5,5
101,5,5,5,5,5,5,5,5,5,5,5
102,0,0,0,0,0,5,5,5,5,5,5
103,0,0,0,0,0,0,0,0,0,0,0
104,0,0,0,0,0,0,0,0,0,0,0
105,5,5,5,5,5,5,5,5,5,5,5
106,0,0,0,0,0,0,0,0,0,0,0
107,5,5,5,5,5,5,5,5,5,5,5
108,0,0,0,0,0,0,0,0,0,0,0
109,5,5,5,5,5,5,5,5,5,5,5
110,0,0,0,0,0,0,0,0,0,0,0
111,0,0,0,0,0,0,0,0,0,0,0
112,5,5,5,5,5,5,5,5,5,5,5
113,0,0,0,0,0,0,0,0,0,0,0
114,0,0,0,0,0,0,0,0,0,0,0
115,5,5,5,5,5,5,5,5,5,5,5
116,5,5,5,5,5,5,5,5,5,5,5
117,5,5,5,5,5,5,5,5,5,5,5
118,5,5,5,5,5,5,5,5,5,5,5
119,0,0,0,0,0,0,0,0,0,0,0
120,5,5,5,5,5,5,5,5,5,5,5
121,5,5,5,5,5,5,5,5,5,5,5
122,0,0,0,0,0,0,0,0,0,0,0
123,5,5,5,5,5,5,5,5,5,5,5
124,5,5,5,5,5,5,5,5,5,5,5
125,5,5,5,5,5,5,5,5,5,5,5
126,5,5,5,5,5,5,5,5,5,5,5
127,5,5,5,5,5,5,5,5,5,5,5
128,5,5,5,5,5,5,5,5,5,5,5
129,5,5,5,5,5,5,5,5,5,5,5
130,5,5,5,5,5,5,5,5,5,5,5
131,0,0,0,0,0,0,0,0,0,0,0
132,5,5,5,5,5,5,5,5,5,5,5
133,5,5,5,5,5,5,5,5,5,5,5
134,5,5,5,5,5,5,5,5,5,5,5
135,5,5,5,5,5,5,5,5,5,5,5
136,0,0,0,0,0,0,0,0,0,0,0
137,5,5,5,5,5,5,5,5,5,5,5
138,5,5,5,5,5,5,5,5,5,5,5
139,0,0,0,0,0,0,0,0,0,0,0
140,5,5,5,5,5,5,5,5,5,5,5
141,0,0,0,0,0,0,0,0,0,0,0
142,5,5,5,5,5,5,5,5,5,5,5
143,0,0,0,5,5,5,5,5,5,5,5
144,0,0,0,0,0,0,0,0,0,0,0
145,5,5,5,5,5,5,5,5,5,5,5
146,0,0,0,0,0,0,0,0,0,0,0
147,5,5,5,5,5,5,5,5,5,5,5
148,0,0,0,0,0,0,0,0,0,0,0
149,5,5,5,5,5,5,5,5,5,5,5
150,0,0,0,0,0,0,0,0,0,0,0
151,0,0,0,0,0,0,0,0,0,0,0
152,5,5,5,5,5,5,5,5,5,5,5
153,0,0,0,0,0,0,0,0,0,0,0
154,5,5,5,5,5,5,5,5,5,5,5
155,0,0,0,0,0,0,0,0,0,0,0
156,0,0,0,0,0,0,0,0,0,0,0
157,5,5,5,5,5,5,5,5,5,5,5
158,5,5,5,5,5,5,5,5,5,5,5
159,5,5,5,5,5,5,5,5,5,5,5
160,5,5,5,5,5,5,5,5,5,5,5
161,5,5,5,5,5,5,5,5,5,5,5
162,0,0,0,0,0,0,0,0,0,0,0
163,0,0,0,0,0,0,0,0,0,0,0
164,5,5,5,5,5,5,5,5,5,5,5
165,0,0,0,0,0,0,0,0,0,0,0
166,5,5,5,5,5,5,5,5,5,5,5
167,5,5,5,5,5,5,5,5,5,5,5
168,0,0,0,0,0,0,0,0,0,0,0
169,0,0,0,0,0,0,0,0,0,0,0
170,5,5,5,5,5,5,5,5,5,5,5
171,5,5,5,5,5,5,5,5,5,5,5
172,0,0,0,5,5,5,5,5,5,5,5
173,0,0,0,0,0,0,0,0,0,0,0
174,0,0,0,0,0,0,0,0,0,0,0
175,5,5,5,5,5,5,5,5,5,5,5
176,0,0,0,0,0,0,0,0,0,0,0
177,0,0,0,5,5,5,5,5,5,5,5
178,0,0,0,0,0,0,0,0,0,0,0
179,5,5,5,5,5,5,5,5,5,5,5
180,0,0,0,0,0,0,0,0,0,0,0
181,0,0,0,0,0,0,0,0,0,0,0
182,0,0,0,0,0,0,0,0,0,0,0
183,5,5,5,5,5,5,5,5,5,5,5
184,0,0,0,0,0,0,0,0,0,0,0
185,0,0,0,0,0,0,0,0,0,0,0
186,5,5,5,5,5,5,5,5,5,5,5
187,0,0,0,0,0,0,0,0,0,0,0
188,5,5,5,5,5,5,5,5,5,5,5
189,5,5,5,5,5,5,5,5,5,5,5
190,0,0,0,0,0,0,0,0,0,0,0
191,0,0,0,0,0,0,0,0,0,0,0
192,5,5,5,5,5,5,5,5,5,5,5
193,0,0,0,0,0,0,0,0,0,0,0
194,0,0,0,0,0,0,0,0,0,0,0
195,5,5,5,5,5,5,5,5,5,5,5
196,5,5,5,5,5,5,5,5,5,5,5
197,0,0,0,5,5,5,5,5,5,5,5
198,5,5,5,5,5,5,5,5,5,5,5
199,0,0,0,0,0,0,0,0,0,0,0
200,0,0,0,0,0,0,0,0,0,0,0
201,5,5,5,5,5,5,5,5,5,5,5
202,5,5,5,5,5,5,5,5,5,5,5
203,5,5,5,5,5,5,5,5,5,5,5
204,0,0,0,0,0,0,0,0,0,0,0
205,0,0,0,0,0,0,0,0,0,0,0
206,0,0,0,0,0,0,0,0,0,0,0
207,5,5,5,5,5,5,5,5,5,5,5
208,0,0,0,0,0,0,0,5,5,5,5
209,0,0,0,0,0,0,0,0,0,0,0
210,5,5,5,5,5,5,5,5,5,5,5
211,5,5,5,5,5,5,5,5,5,5,5
212,5,5,5,5,5,5,5,5,5,5,5
213,5,5,5,5,5,5,5,5,5,5,5
214,0,5,5,5,5,5,5,5,5,5,5
215,5,5,5,5,5,5,5,5,5,5,5
216,5,5,5,5,5,5,5,5,5,5,5
217,5,5,5,5,5,5,5,5,5,5,5
218,0,0,0,0,0,0,0,0,0,0,0
219,0,0,0,0,0,0,0,0,0,0,0
220,0,0,0,0,0,0,0,0,0,0,0
221,5,5,5,5,5,5,5,5,5,5,5
222,5,5,5,5,5,5,5,5,5,5,5
223,5,5,5,5,5,5,5,5,5,5,5
224,0,0,0,0,0,0,0,0,0,0,0
225,5,5,5,5,5,5,5,5,5,5,5
226,5,5,5,5,5,5,5,5,5,5,5
227,0,0,0,0,0,0,0,0,0,0,0
228,5,5,5,5,5,5,5,5,5,5,5
229,5,5,5,5,5,5,5,5,5,5,5
230,5,5,5,5,5,5,5,5,5,5,5
231,0,0,0,0,0,0,0,0,0,0,0
232,0,0,0,0,0,0,0,0,0,0,0
233,5,5,5,5,5,5,5,5,5,5,5
234,0,0,0,0,0,0,0,0,0,0,0
235,0,0,0,0,0,0,0,0,0,0,0
236,0,0,0,0,0,0,0,0,0,0,0
237,0,0,0,0,0,0,0,0,0,0,0
238,0,0,0,0,0,0,0,0,0,0,0
239,0,0,0,0,0,0,0,0,0,0,0
240,0,0,0,0,0,0,0,0,0,0,0
241,0,0,0,0,0,0,0,0,0,0,0
242,5,5,5,5,5,5,5,5,5,5,5
243,5,5,5,5,5,5,5,5,5,5,5
244,0,0,0,0,0,0,0,0,0,0,0
245,5,5,5,5,5,5,5,5,5,5,5
246,5,5,5,5,5,5,5,5,5,5,5
247,0,0,0,0,0,0,0,0,0,0,0
248,5,5,5,5,5,5,5,5,5,5,5
249,5,5,5,5,5,5,5,5,5,5,5
250,5,5,5,5,5,5,5,5,5,5,5
251,0,0,0,0,0,0,0,0,0,0,0
252,0,0,0,0,0,0,0,0,0,0,0
253,0,0,0,0,0,0,0,0,0,0,0
254,5,5,5,5,5,5,5,5,5,5,5
255,5,5,5,5,5,5,5,5,5,5,5
256,0,0,0,0,0,0,0,0,0,0,0
257,0,0,0,0,0,0,0,0,0,0,0
258,0,0,0,0,0,0,0,0,0,0,0
259,5,5,5,5,5,5,5,5,5,5,5
260,5,5,5,5,5,5,5,5,5,5,5
261,0,0,0,0,0,0,0,0,0,0,0
262,0,0,0,0,0,0,0,0,0,0,0
263,5,5,5,5,5,5,5,5,5,5,5
264,5,5,5,5,5,5,5,5,5,5,5
265,0,0,0,0,0,0,0,0,0,0,0
266,5,5,5,5,5,5,5,5,5,5,5
267,0,0,0,0,0,0,0,0,0,0,0
268,0,0,0,0,0,0,0,0,0,0,0
269,5,5,5,5,5,5,5,5,5,5,5
270,5,5,5,5,5,5,5,5,5,5,5
271,5,5,5,5,5,5,5,5,5,5,5
272,5,5,5,5,5,5,5,5,5,5,5
273,0,0,0,0,0,0,0,0,0,0,0
274,5,5,5,5,5,5,5,5,5,5,5
275,5,5,5,5,5,5,5,5,5,5,5
276,5,5,5,5,5,5,5,5,5,5,5
277,5,5,5,5,5,5,5,5,5,5,5
278,0,0,0,5,5,5,5,5,5,5,5
279,0,0,0,0,0,0,0,0,0,0,0
280,0,0,0,0,0,0,5,5,5,5,5
281,0,0,0,0,0,0,0,0,0,0,0
282,5,5,5,5,5,5,5,5,5,5,5
283,0,0,0,0,0,0,0,0,0,0,0
284,0,0,0,0,0,0,0,0,0,0,0
285,0,0,0,0,0,0,0,0,0,0,0
286,0,0,0,0,0,0,0,0,0,0,0
287,0,0,0,0,0,0,0,0,0,0,0
288,0,0,0,0,0,0,0,0,0,0,0
289,0,0,0,0,5,5,5,5,5,5,5
290,0,0,0,0,0,0,0,0,0,0,0
291,5,5,5,5,5,5,5,5,5,5,5
292,0,0,0,0,0,0,0,0,0,0,0
293,0,0,0,0,0,0,0,0,0,0,0
294,5,5,5,5,5,5,5,5,5,5,5
295,0,0,0,0,0,0,0,0,0,0,0
296,5,5,5,5,5,5,5,5,5,5,5
297,0,0,0,0,0,0,0,0,0,0,0
298,5,5,5,5,5,5,5,5,5,5,5
299,0,0,0,0,0,0,0,0,0,0,0
300,5,5,5,5,5,5,5,5,5,5,5
301,5,5,5,5,5,5,5,5,5,5,5
302,5,5,5,5,5,5,5,5,5,5,5
303,0,0,0,0,0,5,5,5,5,5,5
304,0,0,0,0,0,0,0,0,0,0,0
305,0,0,0,0,0,0,0,0,0,0,0
306,0,0,0,0,0,0,0,0,0,0,0
307,5,5,5,5,5,5,5,5,5,5,5
308,0,0,0,0,0,0,0,0,5,5,5
309,5,5,5,5,5,5,5,5,5,5,5
310,0,0,0,0,0,0,0,5,5,5,5
311,0,0,0,0,0,0,0,0,0,0,0
312,5,5,5,5,5,5,5,5,5,5,5
313,5,5,5,5,5,5,5,5,5,5,5
314,5,5,5,5,5,5,5,5,5,5,5
315,0,0,0,0,0,0,0,0,0,0,0
316,5,5,5,5,5,5,5,5,5,5,5
317,5,5,5,5,5,5,5,5,5,5,5
318,0,0,0,0,0,0,0,0,0,0,0
319,0,0,0,0,0,0,0,0,0,0,0
320,5,5,5,5,5,5,5,5,5,5,5
321,5,5,5,5,5,5,5,5,5,5,5
322,0,0,0,0,0,0,0,0,0,0,0
323,5,5,5,5,5,5,5,5,5,5,5
324,0,0,0,0,0,0,0,0,0,0,0
325,0,0,0,0,0,0,0,0,0,0,0
326,0,0,0,0,0,0,0,0,0,0,0
327,5,5,5,5,5,5,5,5,5,5,5
328,5,5,5,5,5,5,5,5,5,5,5
329,0,0,0,0,0,0,0,0,0,0,0
330,5,5,5,5,5,5,5,5,5,5,5
331,5,5,5,5,5,5,5,5,5,5,5
332,5,5,5,5,5,5,5,5,5,5,5
333,0,0,0,0,0,0,0,0,0,0,0
334,5,5,5,5,5,5,5,5,5,5,5
335,0,0,0,0,0,0,0,0,0,0,0
336,5,5,5,5,5,5,5,5,5,5,5
337,5,5,5,5,5,5,5,5,5,5,5
338,5,5,5,5,5,5,5,5,5,5,5
339,0,0,0,0,0,0,0,0,0,0,0
340,0,0,0,0,0,0,0,0,0,0,0
341,5,5,5,5,5,5,5,5,5,5,5
342,0,0,0,0,0,0,0,0,0,0,0
343,5,5,5,5,5,5,5,5,5,5,5
344,5,5,5,5,5,5,5,5,5,5,5
345,0,0,0,0,0,0,0,0,0,0,0
346,0,0,0,0,0,5,5,5,5,5,5
347,5,5,5,5,5,5,5,5,5,5,5
348,5,5,5,5,5,5,5,5,5,5,5
349,5,5,5,5,5,5,5,5,5,5,5
350,0,0,0,0,0,0,0,0,0,0,0
351,5,5,5,5,5,5,5,5,5,5,5
352,5,5,5,5,5,5,5,5,5,5,5
353,5,5,5,5,5,5,5,5,5,5,5
354,0,0,0,0,0,0,0,0,0,0,0
355,5,5,5,5,5,5,5,5,5,5,5
356,0,0,0,0,0,0,0,0,0,0,0
357,5,5,5,5,5,5,5,5,5,5,5
358,0,0,0,0,0,0,0,0,0,0,0
359,0,0,0,0,0,0,0,0,0,0,0
360,5,5,5,5,5,5,5,5,5,5,5
361,5,5,5,5,5,5,5,5,5,5,5
362,5,5,5,5,5,5,5,5,5,5,5
363,5,5,5,5,5,5,5,5,5,5,5
364,0,0,0,0,0,0,0,0,0,0,0
365,0,0,0,0,0,0,0,0,0,0,0
366,0,0,0,0,0,0,0,0,0,0,0
367,0,0,0,0,0,0,0,0,0,0,0
368,5,5,5,5,5,5,5,5,5,5,5
369,5,5,5,5,5,5,5,5,5,5,5
370,5,5,5,5,5,5,5,5,5,5,5
371,0,0,0,0,0,0,0,0,0,0,0
372,0,0,0,0,0,0,0,0,0,0,0
373,0,0,0,0,0,0,0,0,0,0,0
374,5,5,5,5,5,5,5,5,5,5,5
375,5,5,5,5,5,5,5,5,5,5,5
376,5,5,5,5,5,5,5,5,5,5,5
377,5,5,5,5,5,5,5,5,5,5,5
378,0,0,0,0,0,0,0,0,0,0,0
379,0,0,0,0,0,0,0,0,0,0,0
380,5,5,5,5,5,5,5,5,5,5,5
381,0,0,0,0,0,0,0,0,0,0,0
382,5,5,5,5,5,5,5,5,5,5,5
383,5,5,5,5,5,5,5,5,5,5,5
384,5,5,5,5,5,5,5,5,5,5,5
385,0,0,0,0,0,0,0,0,0,0,0
386,5,5,5,5,5,5,5,5,5,5,5
387,0,0,0,0,0,0,0,0,0,0,0
388,5,5,5,5,5,5,5,5,5,5,5
389,5,5,5,5,5,5,5,5,5,5,5
390,5,5,5,5,5,5,5,5,5,5,5
391,5,5,5,5,5,5,5,5,5,5,5
392,5,5,5,5,5,5,5,5,5,5,5
393,0,0,0,0,0,0,0,0,0,0,0
394,0,0,0,0,0,0,0,0,0,0,0
395,0,0,0,0,0,0,0,0,0,0,0
396,0,0,0,0,0,0,0,0,0,0,0
397,0,0,0,0,0,0,0,0,0,0,0
398,5,5,5,5,5,5,5,5,5,5,5
399,3,3,3,3,3,3,3,3,3,3,3
400,2,2,2,2,2,2,2,2,2,2,2
401,1,1,1,1,1,1,0,0,0,0,0
402,4,4,4,4,4,4,4,4,4,4,4
403,3,3,3,3,3,3,3,3,3,3,3
404,2,2,2,2,2,2,2,2,2,2,2
405,3,3,3,3,3,3,3,3,3,3,3
406,1,1,1,1,1,1,1,1,1,1,1
407,3,3,3,3,3,3,3,3,3,3,3
408,2,2,2,2,2,2,2,2,2,2,2
409,3,3,3,3,3,3,3,3,3,3,3
410,1,1,1,1,1,1,1,1,1,1,1
411,3,3,3,3,3,3,3,3,3,3,3
412,1,1,1,1,1,1,1,1,1,1,1
413,3,3,3,3,3,3,3,3,3,3,3
414,1,1,1,1,1,1,1,1,1,1,1
415,2,2,2,2,2,2,2,2,2,2,2
416,1,1,1,1,1,1,1,1,1,1,1
417,2,2,2,2,2,2,2,2,2,2,2
418,3,3,3,3,3,3,3,3,3,3,3
419,2,2,2,2,2,2,2,2,2,2,2
420,3,3,3,3,3,3,3,3,3,3,3
421,1,1,1,1,1,1,1,1,1,1,1
422,2,2,2,2,2,2,2,2,2,2,2
423,2,2,2,2,2,2,2,2,2,2,2
424,2,2,2,2,2,2,2,2,2,2,2
425,4,4,4,4,4,4,4,4,4,4,4
426,2,2,2,2,2,2,2,2,2,2,2
427,1,1,1,1,1,1,1,1,1,1,1
428,2,2,2,2,2,2,2,2,2,2,2
429,2,2,2,2,2,2,2,2,2,2,2
430,4,4,4,4,4,4,4,4,4,4,4
431,2,2,2,2,2,2,2,2,2,2,2
432,1,1,1,1,1,1,1,1,1,1,1
433,3,3,3,3,3,3,3,3,3,3,3
434,2,2,2,2,2,2,2,2,2,2,2
435,2,2,2,2,2,2,2,2,2,2,2
436,1,1,1,1,1,1,1,1,1,1,1
437,1,1,1,1,1,1,1,1,1,1,1
438,2,2,2,2,2,2,2,2,2,2,2
439,3,3,3,3,3,3,3,3,3,3,3
440,2,2,2,2,2,2,2,2,2,2,2
441,4,4,4,4,4,4,4,4,4,4,4
442,3,3,3,3,3,3,3,3,3,3,3
443,2,2,2,2,2,2,2,2,2,2,2
444,1,1,1,1,1,1,1,1,1,1,1
445,3,3,3,3,3,3,3,3,3,3,3
446,4,4,4,4,4,4,4,4,4,4,4
447,3,3,3,3,3,3,3,3,3,3,3
448,1,1,1,1,1,1,1,1,1,1,1
449,1,1,1,1,1,1,1,1,1,1,1
450,2,2,2,2,2,2,2,2,2,2,2
451,4,4,4,4,4,4,4,4,4,4,4
452,1,1,1,1,1,1,1,1,1,1,1
453,4,4,4,4,4,4,4,4,4,4,4
454,1,1,1,1,1,1,1,1,1,1,1
455,4,4,4,4,4,4,4,4,4,4,4
456,1,1,1,1,1,1,1,1,1,1,1
457,2,2,2,2,2,2,2,2,2,2,2
458,2,2,2,2,2,2,2,2,2,2,2
459,4,4,4,4,4,4,4,4,4,4,4
460,4,4,4,4,4,4,4,4,4,4,4
461,4,4,4,4,4,4,4,4,4,4,4
462,3,3,3,3,3,3,3,3,3,3,3
463,1,1,1,1,1,1,1,1,1,1,1
464,3,3,3,3,3,3,3,3,3,3,3
465,1,1,1,1,1,1,1,1,1,1,1
466,3,3,3,3,3,3,3,3,3,3,3
467,4,4,4,4,4,4,4,4,4,4,4
468,1,1,1,1,1,1,1,1,1,1,1
469,2,2,2,2,2,2,2,2,2,2,2
470,3,3,3,3,3,3,3,3,3,3,3
471,4,4,4,4,4,4,4,4,4,4,4
472,1,1,1,1,1,1,1,1,1,1,1
473,4,4,4,4,4,4,4,4,4,4,4
474,4,4,4,4,4,4,4,4,4,4,4
475,3,3,3,3,3,3,3,3,3,3,3
476,1,1,1,1,1,1,1,1,1,1,1
477,4,4,4,4,4,4,4,4,4,4,4
478,2,2,2,2,2,2,2,2,2,2,2
479,2,2,2,2,2,2,2,2,2,2,2
480,2,2,2,2,2,2,2,2,2,2,2
481,3,3,3,3,3,3,3,3,3,3,3
482,2,2,2,2,2,2,2,2,2,2,2
483,2,2,2,2,2,2,2,2,2,2,2
484,1,1,1,1,1,1,1,1,1,1,1
485,2,2,2,2,2,2,2,2,2,2,2
486,2,2,2,2,2,2,2,2,2,2,2
487,2,2,2,2,2,2,2,2,2,2,2
488,2,2,2,2,2,2,2,2,2,2,2
489,4,4,4,4,4,4,4,4,4,4,4
490,2,2,2,2,2,2,2,2,2,2,2
491,1,1,1,1,1,1,1,1,1,1,1
492,2,2,2,2,2,2,2,2,2,2,2
493,1,1,1,1,1,1,1,1,1,1,1
494,3,3,3,3,3,3,3,3,3,3,3
495,1,1,1,1,1,1,1,1,1,1,1
496,2,2,2,2,2,2,2,2,2,2,2
497,4,4,4,4,4,4,4,4,4,4,4
498,4,4,4,4,4,4,4,4,4,4,4
499,1,1,1,1,1,1,1,1,1,1,1
500,2,2,2,2,2,2,2,2,2,2,2
501,1,1,1,1,1,1,1,1,1,1,1
502,3,3,3,3,3,3,3,3,3,3,3
503,3,3,3,3,3,3,3,3,3,3,3
504,1,1,1,1,1,1,1,1,1,1,1
505,3,3,3,3,3,3,3,3,3,3,3
506,3,3,3,3,3,3,3,3,3,3,3
507,3,3,3,3,3,3,3,3,3,3,3
508,3,3,3,3,3,3,3,3,3,3,3
509,2,2,2,2,2,2,2,2,2,2,2
510,1,1,1,1,1,1,1,1,1,1,1
511,3,3,3,3,3,3,3,3,3,3,3
512,4,4,4,4,4,4,4,4,4,4,4
513,3,3,3,3,3,3,3,3,3,3,3
514,3,3,3,3,3,3,3,3,3,3,3
515,2,2,2,2,2,2,2,2,2,2,2
516,3,3,3,3,3,3,3,3,3,3,3
517,3,3,3,3,3,3,3,3,3,3,3
518,1,1,1,1,1,1,1,1,1,1,1
519,1,1,1,1,1,1,1,1,1,1,1
520,3,3,3,3,3,3,3,3,3,3,3
521,1,1,1,1,1,1,1,1,1,1,1
522,3,3,3,3,3,3,3,3,3,3,3
523,4,4,4,4,4,4,4,4,4,4,4
524,3,3,3,3,3,3,3,3,3,3,3
525,1,1,1,1,1,1,1,1,1,1,1
526,4,4,4,4,4,4,4,4,4,4,4
527,1,1,1,1,1,1,1,1,1,1,1
528,2,2,2,2,2,2,2,2,2,2,2
529,3,3,3,3,3,3,3,3,3,3,3
530,3,3,3,3,3,3,3,3,3,3,3
531,4,4,4,4,4,4,4,4,4,4,4
532,1,1,1,1,1,1,1,1,1,1,1
533,3,3,3,3,3,3,3,3,3,3,3
534,1,1,1,1,1,1,1,1,1,1,1
535,4,4,4,4,4,4,4,4,4,4,4
536,1,1,1,1,1,1,1,1,1,1,1
537,4,4,4,4,4,4,4,4,4,4,4
538,4,4,4,4,4,4,4,4,4,4,4
539,1,1,1,1,1,1,1,1,1,1,1
540,2,2,2,2,2,2,2,2,2,2,2
541,3,3,3,3,3,3,3,3,3,3,3
542,1,1,1,1,1,1,1,1,1,1,1
543,2,2,2,2,2,2,2,2,2,2,2
544,4,4,4,4,4,4,4,4,4,4,4
545,3,3,3,3,3,3,3,3,3,3,3
546,4,4,4,4,4,4,4,4,4,4,4
547,4,4,4,4,4,4,4,4,4,4,4
548,4,4,4,4,4,4,4,4,4,4,4
549,1,1,1,1,1,1,1,1,1,1,1
550,1,1,1,1,1,1,1,1,1,1,1
551,2,2,2,2,2,2,2,2,2,2,2
552,3,3,3,3,3,3,3,3,3,3,3
553,4,4,4,4,4,4,4,4,4,4,4
554,4,4,4,4,4,4,4,4,4,4,4
555,3,3,3,3,3,3,3,3,3,3,3
556,4,4,4,4,4,4,4,4,4,4,4
557,4,4,4,4,4,4,4,4,4,4,4
558,3,3,3,3,3,3,3,3,3,3,3
559,1,1,1,1,1,1,1,1,1,1,1
560,4,4,4,4,4,4,4,4,4,4,4
561,3,3,3,3,3,3,3,3,3,3,3
562,1,1,1,1,1,1,1,1,1,1,1
563,4,4,4,4,4,4,4,4,4,4,4
564,1,1,1,1,1,1,1,1,1,1,1
565,2,2,2,2,2,2,2,2,2,2,2
566,4,4,4,4,4,4,4,4,4,4,4
567,2,2,2,2,2,2,2,2,2,2,2
568,2,2,2,2,2,2,2,2,2,2,2
569,3,3,3,3,3,3,3,3,3,3,3
570,4,4,4,4,4,4,4,4,4,4,4
571,1,1,1,1,1,1,1,1,1,1,1
572,1,1,1,1,1,1,1,1,1,1,1
573,1,1,1,1,1,1,1,1,1,1,1
574,3,3,3,3,3,3,3,3,3,3,3
575,4,4,4,4,4,4,4,4,4,4,4
576,3,3,3,3,3,3,3,3,3,3,3
577,3,3,3,3,3,3,3,3,3,3,3
578,2,2,2,2,1,1,1,1,1,1,1
579,1,1,1,1,1,1,1,1,1,1,1
580,2,2,2,2,2,2,2,2,2,2,2
581,4,4,4,4,4,4,4,4,4,4,4
582,2,2,2,2,2,2,2,2,2,2,2
583,3,3,3,3,3,3,3,3,3,3,3
584,3,3,3,3,3,3,3,3,3,3,3
585,1,1,1,1,1,1,1,1,1,1,1
586,2,2,2,2,2,2,2,2,2,2,2
587,3,3,3,3,3,3,3,3,3,3,3
588,3,3,3,3,3,3,3,3,3,3,3
589,2,2,2,2,2,2,2,2,2,2,2
590,1,1,1,1,1,1,1,1,1,1,1
591,4,4,4,4,4,4,4,4,4,4,4
592,3,3,3,3,3,3,3,3,3,3,3
593,1,1,1,1,1,1,1,1,1,1,1
594,4,4,4,4,4,4,4,4,4,4,4
595,4,4,4,4,4,4,4,4,4,4,4
596,1,1,1,1,1,1,1,1,1,1,1
597,1,1,1,1,1,1,1,1,1,1,1
598,4,4,4,4,4,4,4,4,4,4,4
599,4,4,4,4,4,4,4,4,4,4,4
600,1,1,1,1,1,1,1,1,1,1,1
601,2,2,2,2,2,2,2,2,2,2,2
602,1,1,1,1,1,1,1,1,1,1,1
603,2,2,2,2,2,2,2,2,2,2,2
604,3,3,3,3,3,3,3,3,3,3,3
605,2,2,2,2,2,2,2,2,2,2,2
606,4,4,4,4,4,4,4,4,4,4,4
607,4,4,4,4,4,4,4,4,4,4,4
608,4,4,4,4,4,4,4,4,4,4,4
609,2,2,2,2,2,2,2,2,2,2,2
610,1,1,1,1,1,1,1,1,1,1,1
611,1,1,1,1,1,1,1,1,1,1,1
612,2,2,2,2,2,2,2,2,2,2,2
613,2,2,2,2,2,2,2,2,2,2,2
614,4,4,4,4,4,4,4,4,4,4,4
615,2,2,2,2,2,2,2,2,2,2,2
616,2,2,2,2,2,2,2,2,2,2,2
617,4,4,4,4,4,4,4,4,4,4,4
618,3,3,3,3,3,3,3,3,3,3,3
619,4,4,4,4,4,4,4,4,4,4,4
620,4,4,4,4,4,4,4,4,4,4,4
621,3,3,3,3,3,3,3,3,3,3,3
622,4,4,4,4,4,4,4,4,4,4,4
623,2,2,2,2,2,2,2,2,2,2,2
624,3,3,3,3,3,3,3,3,3,3,3
625,1,1,1,1,1,1,1,1,1,1,1
626,3,3,3,3,3,3,3,3,3,3,3
627,3,3,3,3,3,3,3,3,3,3,3
628,1,1,1,1,1,1,1,1,1,1,1
629,4,4,4,4,4,4,4,4,4,4,4
630,3,3,3,3,3,3,3,3,3,3,3
631,2,2,2,2,2,2,2,2,2,2,2
632,4,4,4,4,4,4,4,4,4,4,4
633,4,4,4,4,4,4,4,4,4,4,4
634,1,1,1,1,1,1,1,1,1,1,1
635,4,4,4,4,4,4,4,4,4,4,4
636,2,2,2,2,2,2,2,2,2,2,2
637,2,2,2,2,2,2,2,2,2,2,2
638,4,4,4,4,4,4,4,4,4,4,4
639,1,1,1,1,1,1,1,1,1,1,1
640,4,4,4,4,4,4,4,4,4,4,4
641,4,4,4,4,4,4,4,4,4,4,4
642,2,2,2,2,2,2,2,2,2,2,2
643,4,4,4,4,4,4,4,4,4,4,4
644,4,4,4,4,4,4,4,4,4,4,4
645,3,3,3,3,3,3,3,3,3,3,3
646,1,1,1,1,1,1,1,1,1,1,1
647,4,4,4,4,4,4,4,4,4,4,4
648,2,2,2,2,2,2,2,2,2,2,2
649,2,2,2,2,2,2,2,2,2,2,2
650,1,1,1,1,1,1,1,1,1,1,1
651,4,4,4,4,4,4,4,4,4,4,4
652,2,2,2,2,2,2,2,2,2,2,2
653,2,2,2,2,2,2,2,2,2,2,2
654,1,1,1,1,1,1,1,1,1,1,1
655,3,3,3,3,3,3,3,3,3,3,3
656,3,3,3,3,3,3,3,3,3,3,3
657,2,2,2,2,2,2,2,2,2,2,2
658,4,4,4,4,4,4,4,4,4,4,4
659,1,1,1,1,1,1,1,1,1,1,1
660,4,4,4,4,4,4,4,4,4,4,4
661,3,3,3,3,3,3,3,3,3,3,3
662,1,1,1,1,1,1,1,1,1,1,1
663,3,3,3,3,3,3,3,3,3,3,3
664,4,4,4,4,4,4,4,4,4,4,4
665,4,4,4,4,4,4,4,4,4,4,4
666,4,4,4,4,4,4,4,4,4,4,4
667,2,2,2,2,2,2,2,2,2,2,2
668,1,1,1,1,1,1,1,1,1,1,1
669,3,3,3,3,3,3,3,3,3,3,3
670,2,2,2,2,2,2,2,2,2,2,2
671,3,3,3,3,3,3,3,3,3,3,3
672,2,2,2,2,2,2,2,2,2,2,2
673,2,2,2,2,2,2,2,2,2,2,2
674,1,1,1,1,1,1,1,1,1,1,1
675,3,3,3,3,3,3,3,3,3,3,3
676,1,1,1,1,1,1,1,1,1,1,1
677,2,2,1,1,1,1,1,1,1,1,1
678,4,4,4,4,4,4,4,4,4,4,4
679,3,3,3,3,3,3,3,3,3,3,3
680,1,1,1,1,1,1,1,1,1,1,1
681,2,2,2,2,2,2,2,2,2,2,2
682,2,2,2,2,2,2,2,2,2,2,2
683,2,2,2,2,2,2,2,2,2,2,2
684,3,3,3,3,3,3,3,3,3,3,3
685,4,4,4,4,4,4,4,4,4,4,4
686,2,2,2,2,2,2,2,2,2,2,2
687,3,3,3,3,3,3,3,3,3,3,3
688,2,2,2,2,2,2,2,2,2,2,2
689,2,2,2,2,2,2,2,2,2,2,2
690,1,1,1,1,1,1,1,1,1,1,1
691,3,3,3,3,3,3,3,3,3,3,3
692,2,2,2,2,2,2,2,2,2,2,2
693,1,1,1,1,1,1,1,1,1,1,1
694,4,4,4,4,4,4,4,4,4,4,4
695,1,1,1,1,1,1,1,1,1,1,1
696,2,2,2,2,2,2,2,2,2,2,2
697,1,1,1,1,1,1,1,1,1,1,1
698,3,3,3,3,3,3,3,3,3,3,3
699,4,4,4,4,4,4,4,4,4,4,4
700,2,2,2,2,2,2,2,2,2,2,2
701,4,4,4,4,4,4,4,4,4,4,4
702,4,4,4,4,4,4,4,4,4,4,4
703,4,4,4,4,4,4,4,4,4,4,4
704,1,1,1,1,1,1,1,1,1,1,1
705,1,1,1,1,1,1,1,1,1,1,1
706,3,3,3,3,3,3,3,3,3,3,3
707,4,4,4,4,4,4,4,4,4,4,4
708,1,1,1,1,1,1,1,1,1,1,1
709,3,3,3,3,3,3,3,3,3,3,1
710,1,1,1,1,1,1,1,1,1,1,1
711,3,3,3,3,3,3,3,3,3,3,3
712,2,2,2,2,2,2,2,2,2,2,2
713,4,4,4,4,4,4,4,4,4,4,4
714,4,4,4,4,4,4,4,4,4,4,4
715,4,4,4,4,4,4,4,4,4,4,4
716,1,1,1,1,1,1,1,1,1,1,1
717,2,2,2,2,2,2,2,2,2,2,2
718,1,1,1,1,1,1,1,1,1,1,1
719,3,3,3,3,3,3,3,3,3,3,3
720,2,2,2,2,2,2,2,2,2,2,2
721,2,2,2,2,2,2,2,2,2,2,2
722,1,1,1,1,1,1,1,1,1,1,1
723,1,1,1,1,1,1,1,1,1,1,1
724,2,2,2,2,2,2,2,2,2,2,2
725,4,4,4,4,4,4,4,4,4,4,4
726,1,1,1,1,1,1,1,1,1,1,1
727,2,2,2,2,2,2,2,2,2,2,2
728,2,2,2,2,2,2,2,2,2,2,2
729,3,3,3,3,3,3,3,3,3,3,3
730,1,1,1,1,1,1,1,1,1,1,1
731,1,1,1,1,1,1,1,1,1,1,1
732,1,1,1,1,1,1,1,1,1,1,1
733,1,1,1,1,1,1,1,1,1,1,1
734,2,2,2,2,2,2,2,2,2,2,2
735,3,3,3,3,3,3,3,3,3,3,3
736,4,4,4,4,4,4,4,4,4,4,4
737,1,1,1,1,1,1,1,1,1,1,1
738,2,2,2,2,2,2,2,2,2,2,2
739,3,3,3,3,3,3,3,3,3,3,3
740,3,3,3,3,3,3,3,3,3,3,3
741,3,3,3,3,3,3,3,3,3,3,3
742,4,4,4,4,4,4,4,4,4,4,4
743,1,1,1,1,1,1,1,1,1,1,1
744,3,3,3,3,3,3,3,3,3,3,3
745,1,1,1,1,1,1,1,1,1,1,1
746,3,3,3,3,3,3,3,3,3,3,3
747,2,2,2,2,2,2,2,2,2,2,2
748,2,2,2,2,2,2,2,2,2,2,2
749,3,3,3,3,3,3,3,3,3,3,3
750,2,2,2,2,2,2,2,2,2,2,2
751,1,1,1,1,1,1,1,1,1,1,1
752,4,4,4,4,4,4,4,4,4,4,4
753,2,2,2,2,2,2,2,2,2,2,2
754,3,3,3,3,3,3,3,3,3,3,3
755,4,4,4,4,4,4,4,4,4,4,4
756,2,2,2,2,2,2,2,2,2,2,2
757,4,4,4,4,4,4,4,4,4,4,4
758,3,3,3,3,3,3,3,3,3,3,3
759,4,4,4,4,4,4,4,4,4,4,4
760,4,4,4,4,4,4,4,4,4,4,4
761,2,2,2,2,2,2,2,2,2,2,2
762,4,4,4,4,4,4,4,4,4,4,4
763,1,1,1,1,1,1,1,1,1,1,1
764,2,2,2,2,2,2,2,2,2,2,2
765,3,3,3,3,3,3,3,3,3,3,3
766,3,3,3,3,3,3,3,3,3,3,3
767,2,2,2,2,2,2,2,2,2,2,2
768,1,1,1,1,1,1,1,1,1,1,1
769,4,4,4,4,4,4,4,4,4,4,4
