,0,1,2,3,4,5,6,7,8,9,10
0,1,6,4,2,1,3,2,3,6,1,6
1,0,2,6,0,5,1,5,2,4,0,5
2,3,3,1,1,3,4,4,0,1,4,0
3,5,4,2,3,2,1,1,4,5,2,3
4,5,4,2,3,2,3,1,4,5,2,3
5,1,6,2,2,1,3,2,3,6,1,3
6,1,5,4,2,1,0,3,3,3,1,2
7,0,2,6,0,5,1,5,2,4,0,5
8,0,4,6,0,5,1,1,5,4,6,5
9,0,2,6,0,5,1,5,2,4,0,5
10,4,1,0,6,6,6,6,1,2,3,1
11,4,5,4,6,6,6,6,1,2,3,2
12,4,5,4,6,6,6,3,1,3,3,2
13,5,4,2,3,2,3,1,4,5,2,3
14,1,5,4,2,1,0,3,3,3,1,2
15,4,5,4,6,6,6,6,1,2,3,2
16,0,2,6,0,5,1,5,2,4,0,5
17,1,6,4,2,1,3,2,3,6,1,6
18,1,6,4,2,1,6,2,3,6,1,1
19,6,1,0,6,0,3,2,4,6,6,1
20,4,5,4,6,6,6,6,1,2,3,2
21,4,5,4,6,6,6,6,1,2,3,2
22,4,5,4,6,6,6,6,1,2,3,2
23,3,0,5,5,3,5,4,0,1,4,0
24,5,4,2,3,2,0,3,5,3,2,4
25,4,5,4,6,6,6,6,1,2,3,1
26,0,2,6,0,5,1,5,2,4,0,5
27,5,4,2,3,2,1,1,4,5,2,3
28,3,0,5,5,3,5,4,0,1,4,0
29,0,2,6,0,5,1,5,2,4,0,5
30,1,5,4,2,1,0,3,3,3,1,2
31,0,2,6,0,5,1,5,2,4,0,5
32,0,2,6,0,5,1,5,2,4,0,5
33,0,2,2,3,5,1,5,2,4,0,5
34,5,4,2,3,2,0,1,5,5,2,4
35,1,5,4,2,1,0,3,3,3,1,2
36,5,4,2,3,2,1,1,5,5,2,4
37,4,5,4,6,6,6,6,1,2,3,2
38,4,5,4,6,6,6,6,1,2,3,2
39,0,2,6,0,5,1,5,2,4,0,5
40,5,4,2,3,2,0,3,5,3,2,4
41,4,5,0,6,6,6,6,1,2,3,1
42,1,5,4,2,1,6,3,3,3,1,2
43,1,5,4,2,1,0,3,3,3,1,2
44,0,2,6,0,5,1,5,2,4,0,5
45,0,2,6,0,5,1,5,2,4,0,5
46,4,5,4,6,6,6,6,1,2,3,1
47,5,4,2,3,2,3,1,4,5,2,3
48,0,2,6,0,5,1,5,2,4,0,5
49,0,2,6,0,5,1,5,2,4,0,5
50,6,1,0,6,0,1,5,1,4,6,1
51,4,5,4,6,6,6,6,1,2,3,1
52,3,3,1,1,3,4,4,0,1,4,0
53,5,4,2,3,2,0,1,5,5,2,4
54,5,4,2,3,2,3,1,4,5,2,3
55,4,5,0,6,6,6,6,1,2,3,1
56,4,5,4,6,6,6,6,1,6,3,1
57,3,0,5,5,3,5,4,0,1,4,0
58,0,2,6,0,5,1,5,2,4,0,5
59,6,1,0,0,0,1,5,4,4,1,3
60,5,4,2,3,2,3,1,4,5,2,3
61,6,1,0,5,0,1,5,4,4,6,3
62,0,2,6,0,5,1,5,2,4,0,5
63,4,5,4,6,6,6,6,1,2,3,1
64,0,2,6,0,5,1,5,2,4,0,5
65,1,5,4,2,1,0,3,3,3,1,2
66,3,0,5,5,3,5,4,0,1,4,0
67,6,1,0,5,0,3,2,4,6,6,3
68,1,6,4,2,1,3,2,3,6,1,6
69,4,5,4,6,6,6,6,1,2,3,1
70,0,2,6,0,5,1,5,2,4,0,5
71,0,2,6,0,5,1,5,2,4,0,5
72,6,1,0,0,0,1,5,2,4,6,5
73,4,5,4,6,6,6,6,1,2,3,2
74,0,2,6,0,5,1,5,2,4,0,5
75,0,2,6,0,5,1,5,2,4,0,5
76,3,3,1,1,3,4,4,0,1,4,0
77,0,2,6,0,5,1,5,2,4,0,5
78,5,4,2,3,2,0,1,5,5,2,4
79,4,1,0,6,6,6,6,2,2,3,1
80,4,5,4,6,6,6,6,1,2,3,2
81,3,0,5,5,3,5,4,0,1,4,0
82,0,2,6,0,5,1,5,2,4,0,5
83,0,2,6,0,5,1,5,2,4,0,5
84,5,4,2,3,2,3,1,4,6,2,3
85,1,5,4,2,1,0,3,3,3,1,2
86,0,2,6,0,5,1,5,2,4,0,5
87,4,2,0,6,6,6,6,1,2,3,1
88,1,6,4,2,1,3,2,3,6,1,6
89,6,1,0,6,0,3,2,1,6,6,1
90,5,4,2,3,2,1,1,4,5,2,3
91,3,0,5,5,3,5,4,0,1,4,0
92,4,5,4,6,6,6,6,1,2,3,2
93,0,2,6,0,5,1,5,2,4,0,5
94,1,5,2,3,2,3,3,3,3,2,2
95,4,5,4,6,6,0,3,1,3,3,2
96,1,6,4,2,1,3,2,3,6,1,6
97,4,5,4,6,6,6,6,1,2,3,2
98,6,1,0,0,0,1,5,2,4,6,1
99,4,5,4,6,6,6,6,1,2,3,1
100,4,5,4,6,6,6,6,1,2,3,2
101,4,5,4,6,6,6,6,1,2,3,2
102,3,3,1,1,3,4,4,0,1,4,0
103,1,5,4,2,1,0,3,3,3,1,2
104,0,2,6,0,5,1,5,2,4,0,5
105,0,2,6,0,5,1,5,2,4,0,5
106,6,1,0,3,0,3,2,4,6,6,3
107,0,2,6,0,5,1,5,2,4,0,5
108,4,6,4,6,6,6,6,1,2,3,1
109,1,6,4,6,6,6,2,1,6,1,1
110,3,3,1,1,3,4,4,0,1,4,0
111,0,2,6,0,5,1,5,2,4,0,5
112,3,0,5,5,3,5,4,0,1,4,0
113,1,6,2,2,1,3,2,3,6,1,3
114,5,4,2,3,2,0,3,5,3,2,4
115,0,2,6,0,5,1,5,2,4,0,5
116,0,2,6,0,5,1,5,2,4,0,5
117,0,2,6,0,5,1,5,2,4,0,5
118,3,0,5,5,3,5,4,0,1,4,0
119,4,6,0,6,6,6,6,1,2,3,1
120,3,0,5,5,3,5,4,0,1,4,0
121,6,1,0,0,0,1,5,4,4,6,3
122,6,1,0,6,0,3,2,4,6,6,1
123,1,5,4,2,1,0,3,3,3,1,2
124,0,2,6,0,5,1,5,2,4,0,5
125,3,3,1,1,3,4,4,0,1,4,0
126,1,6,4,2,1,6,2,3,6,1,1
127,1,6,4,2,1,6,2,3,6,1,6
128,0,2,6,0,5,1,1,5,4,6,5
129,0,2,6,0,5,1,1,5,4,6,5
130,4,5,4,6,6,6,6,1,2,3,1
131,6,1,0,0,0,1,5,4,4,6,5
132,6,1,0,0,0,1,5,4,4,6,3
133,5,4,2,3,2,3,2,5,6,2,4
134,0,2,6,0,5,1,5,2,4,0,5
135,4,5,4,6,6,6,6,1,2,3,1
136,0,1,0,0,5,1,5,2,4,0,5
137,0,2,6,0,5,1,5,2,4,0,5
138,4,5,4,6,6,6,6,1,2,3,1
139,5,2,6,3,2,1,1,5,5,2,4
140,0,2,6,0,5,1,5,2,4,0,5
141,0,2,6,0,5,1,5,2,4,0,5
142,1,6,2,3,1,3,2,4,6,1,3
143,0,2,6,0,5,1,5,2,4,0,5
144,0,2,6,0,5,1,5,2,4,0,5
145,3,0,5,5,3,5,4,0,1,4,0
146,6,1,0,5,0,5,5,4,4,6,3
147,5,4,2,3,2,0,3,5,3,2,4
148,1,6,4,2,1,3,2,3,6,1,6
149,4,5,4,6,6,6,3,1,3,3,2
150,1,6,4,2,1,3,2,3,6,1,6
151,3,3,1,1,3,4,4,0,1,4,0
152,5,4,2,3,2,3,1,4,5,2,3
153,4,5,4,6,6,6,6,1,2,3,1
154,4,5,4,6,6,6,6,1,2,3,2
155,1,6,4,2,1,3,2,3,6,1,6
156,5,4,2,3,2,0,1,5,5,2,4
157,6,1,0,0,0,1,5,2,4,6,5
158,1,6,2,2,1,3,2,3,6,1,3
159,5,4,2,3,2,3,1,4,5,2,3
160,4,6,4,6,6,6,2,1,6,3,1
161,1,6,4,6,6,6,2,1,6,1,6
162,1,5,4,2,1,0,3,3,3,1,2
163,5,4,2,3,2,1,1,4,5,2,3
164,3,0,5,5,3,5,4,0,1,4,0
165,3,0,5,5,3,5,4,0,1,4,0
166,4,5,4,6,6,6,6,1,2,3,2
167,4,5,4,6,6,6,3,1,3,3,2
168,6,1,0,0,0,1,5,4,4,6,3
169,4,5,0,6,6,6,6,1,2,3,1
170,1,6,4,6,6,6,2,1,6,1,1
171,1,6,4,6,6,6,2,1,6,1,1
172,0,2,6,0,5,1,5,2,4,0,5
173,0,2,6,0,5,1,5,2,4,0,5
174,0,2,6,0,5,1,5,2,4,0,5
175,1,6,2,2,1,3,2,3,6,1,2
176,1,5,4,2,1,6,3,3,3,1,2
177,3,3,1,1,3,4,4,0,1,4,0
178,4,5,4,6,6,6,6,1,2,3,1
179,0,2,6,0,5,1,5,2,4,0,5
180,5,4,2,3,2,1,1,5,5,2,4
181,0,2,6,0,5,1,5,2,4,0,5
182,4,6,0,6,6,3,2,1,6,3,1
183,5,4,2,3,2,3,1,4,5,2,3
184,3,0,5,5,3,5,4,0,1,4,0
185,3,0,5,5,3,5,4,0,1,4,0
186,5,4,2,3,2,3,1,4,5,2,3
187,4,5,4,6,6,6,6,1,2,3,1
188,6,1,0,5,0,5,5,4,4,6,3
189,0,1,6,0,5,1,5,2,4,0,5
190,0,2,6,0,5,0,3,2,3,0,2
191,5,4,2,3,2,0,1,5,5,2,4
192,5,4,2,3,2,1,1,5,5,2,4
193,0,2,6,0,5,1,5,2,4,0,5
194,0,2,6,0,5,1,5,2,4,0,5
195,3,3,1,1,3,4,4,0,1,4,0
196,0,2,6,0,5,1,5,2,4,0,5
197,5,4,2,3,2,0,3,5,5,2,4
198,4,5,4,6,6,6,6,1,2,3,1
199,6,1,5,5,0,5,4,4,1,6,3
200,0,1,6,0,5,6,1,2,5,3,1
201,4,5,4,6,6,6,6,1,2,3,2
202,4,5,4,6,6,6,6,1,2,3,1
203,4,5,4,6,6,6,6,1,2,3,1
204,5,4,2,3,2,0,1,5,5,2,4
205,1,6,4,2,1,3,2,3,6,1,6
206,3,0,5,5,3,5,4,0,1,4,0
207,1,5,4,2,1,6,3,3,3,1,2
208,5,4,2,3,2,3,1,4,5,2,3
209,0,2,6,0,5,1,5,2,4,0,5
210,5,4,2,3,2,1,1,5,5,2,4
211,0,2,6,0,5,1,5,2,4,0,5
212,5,4,2,3,2,0,3,5,3,2,4
213,3,3,1,1,3,4,4,0,1,4,0
214,0,5,6,0,5,1,3,5,4,6,5
215,4,5,4,6,6,6,3,1,3,3,2
216,0,2,6,0,5,1,5,2,4,0,5
217,4,5,4,6,6,6,6,1,2,3,2
218,5,4,2,3,2,1,1,5,5,2,4
219,0,2,6,0,5,1,5,2,4,0,5
220,0,2,6,0,5,1,5,2,4,0,5
221,6,1,0,5,0,5,5,4,4,6,3
222,4,5,4,6,6,6,6,1,2,3,1
223,0,2,6,0,5,1,5,2,4,0,5
224,3,0,5,5,3,5,4,0,1,4,0
225,0,2,6,0,5,1,5,2,4,0,5
226,0,2,6,0,5,1,5,2,4,0,5
227,4,6,4,6,6,6,6,1,2,3,1
228,1,6,4,2,1,3,2,3,6,1,6
229,3,3,1,1,3,4,4,0,1,4,0
230,0,2,6,0,5,1,5,2,4,0,5
231,0,2,6,0,5,1,5,2,4,0,5
232,4,5,0,6,6,6,6,1,2,3,1
233,4,5,4,6,6,6,6,1,2,3,2
234,1,6,4,2,1,3,2,3,6,1,6
235,4,5,0,6,6,6,6,1,2,3,1
236,5,4,2,3,2,0,1,5,5,2,4
237,0,2,6,0,5,1,5,2,4,0,5
238,4,5,4,6,6,6,6,1,2,3,2
239,5,4,2,3,2,3,1,4,5,2,3
240,1,5,4,2,1,0,3,3,3,1,2
241,4,1,0,6,6,6,6,1,2,3,1
242,3,3,1,1,3,4,4,0,1,4,0
243,0,2,6,0,5,1,5,2,4,0,5
244,0,2,6,0,5,1,5,2,4,0,5
245,4,1,0,6,6,6,6,1,2,3,1
246,0,2,6,0,5,1,5,2,4,0,5
247,4,5,4,6,6,6,6,1,2,3,1
248,1,6,4,2,1,3,2,3,6,1,6
249,5,4,2,3,2,3,1,4,5,2,3
250,0,2,6,0,5,1,5,2,4,0,5
251,5,4,2,3,2,1,1,5,5,2,4
252,6,1,6,0,0,1,5,4,4,6,5
253,4,4,4,6,6,6,3,1,3,3,6
254,1,5,4,2,1,0,3,3,3,1,2
255,4,5,4,6,6,6,6,1,2,3,1
256,3,0,5,5,3,5,4,0,1,4,0
257,5,4,2,3,2,3,1,4,5,2,3
258,0,2,6,0,5,1,5,2,4,0,5
259,0,4,6,0,5,1,5,2,4,0,5
260,3,3,1,1,3,4,4,0,1,4,0
261,0,2,6,0,5,1,5,2,4,0,5
262,0,2,6,0,5,1,5,2,4,0,5
263,1,6,4,2,1,3,2,3,6,1,6
264,6,1,0,6,0,6,2,1,6,6,1
265,4,5,4,6,6,6,6,1,2,3,1
266,0,2,6,0,5,1,5,2,4,0,5
267,6,1,0,5,0,5,4,4,1,6,3
268,0,2,6,0,5,1,5,2,4,0,5
269,1,6,4,2,1,3,2,3,6,1,6
270,5,4,2,3,2,3,1,4,5,2,3
271,3,0,5,5,3,5,4,0,1,4,0
272,0,2,6,0,5,1,5,2,4,0,5
273,6,1,0,0,0,1,5,4,4,6,3
274,1,6,2,2,1,3,2,3,6,1,3
275,6,6,0,2,0,3,2,4,6,6,3
276,3,3,1,1,3,4,4,0,1,4,0
277,5,4,2,3,2,3,1,4,5,2,3
278,5,4,2,3,2,3,1,4,5,2,3
279,6,1,0,6,0,3,2,4,6,6,1
280,0,2,6,0,5,1,5,2,4,0,5
281,0,2,6,0,5,1,5,2,4,0,5
282,5,4,2,3,2,0,1,5,5,2,4
283,0,2,6,0,5,1,5,2,4,0,5
284,3,3,1,1,3,4,4,0,1,4,0
285,1,6,4,2,1,3,2,3,6,1,6
286,1,5,4,2,1,6,3,3,3,1,2
287,4,5,4,6,6,6,6,1,2,3,1
288,3,3,1,1,3,4,4,0,1,4,0
289,6,1,5,5,0,5,4,4,1,6,3
290,6,1,0,6,0,6,6,1,2,6,1
291,3,3,1,1,3,4,4,0,1,4,0
292,3,3,1,1,3,4,4,0,1,4,0
293,5,6,2,3,2,3,2,4,6,2,3
294,4,5,4,6,6,6,6,1,2,3,1
295,1,5,4,2,1,0,3,3,3,1,2
296,0,2,6,0,5,1,5,2,4,0,5
297,1,5,4,2,1,0,3,3,3,1,2
298,1,5,4,2,1,0,3,3,3,1,2
299,5,4,2,3,2,3,1,4,5,2,3
300,5,4,2,3,2,3,2,4,6,2,3
301,5,2,6,3,2,1,1,5,5,2,4
302,0,2,6,0,5,1,5,2,4,0,5
303,5,4,2,2,2,0,3,5,3,2,4
304,5,4,2,3,2,0,3,5,3,2,4
305,3,0,5,5,3,5,4,0,1,4,0
306,4,5,4,6,6,6,6,1,2,3,2
307,3,0,5,5,3,5,4,0,1,4,0
308,0,5,0,6,6,6,6,2,2,3,1
309,4,6,4,6,6,6,6,1,2,3,1
310,6,1,5,5,0,5,4,4,1,6,3
311,1,6,4,2,1,3,2,3,6,1,6
312,5,4,2,3,2,0,1,5,5,2,4
313,4,1,0,6,6,6,6,1,2,3,1
314,1,6,4,2,1,3,2,3,6,1,6
315,1,5,4,2,1,0,3,3,3,1,2
316,1,6,4,2,1,3,2,3,6,1,6
317,1,5,4,2,1,0,3,3,3,1,2
318,1,5,4,2,1,0,3,3,3,1,2
319,1,6,4,2,1,3,2,3,6,1,6
320,0,2,6,0,5,1,5,2,4,0,5
321,6,1,0,6,0,3,2,4,6,6,1
322,1,5,4,2,1,6,3,3,3,1,2
323,5,4,2,3,2,0,1,5,5,2,4
324,3,0,5,5,3,5,4,0,1,4,0
325,1,6,4,2,1,3,2,3,6,1,6
326,0,2,6,0,5,1,5,2,4,0,5
327,0,2,6,0,5,1,5,2,4,0,5
328,0,2,6,0,5,1,5,2,4,0,5
329,4,5,0,6,6,6,6,1,2,3,1
330,5,4,2,3,2,0,3,5,3,2,4
331,0,2,6,0,5,1,5,2,4,0,5
332,0,2,6,0,5,1,5,2,4,0,5
333,5,4,2,3,2,0,1,5,5,2,4
334,4,5,4,6,6,6,6,1,2,3,2
335,5,4,2,3,2,0,1,5,5,2,4
336,0,2,6,0,5,1,5,2,4,0,5
337,0,5,6,0,5,3,5,1,3,2,2
338,4,5,4,6,6,6,6,1,2,3,1
339,0,2,6,0,5,1,5,2,4,0,5
340,4,5,4,6,6,6,6,1,2,3,2
341,3,3,1,1,3,4,4,0,1,4,0
342,4,5,4,6,6,6,6,1,2,3,2
343,5,4,2,3,2,0,1,5,5,2,4
344,1,5,4,2,1,0,3,3,3,1,2
345,4,5,4,6,6,6,6,1,2,3,1
346,4,5,0,6,6,6,6,1,2,3,1
347,0,2,6,0,5,1,5,2,4,0,5
348,1,5,4,2,1,0,3,3,3,1,2
349,3,3,1,1,3,4,4,0,1,4,0
350,4,6,0,6,6,6,6,1,2,3,1
351,0,2,6,0,5,1,5,2,4,0,5
352,1,6,2,2,1,3,2,3,6,1,3
353,0,2,6,0,5,1,5,2,4,0,5
354,3,3,1,1,3,4,4,0,1,4,0
355,1,6,4,2,1,6,2,3,6,1,1
356,5,4,2,3,2,0,1,5,5,2,4
357,1,6,4,2,1,3,2,3,6,1,6
358,4,2,0,6,6,6,6,1,2,3,6
359,1,6,4,2,1,3,2,3,6,1,6
360,3,3,1,1,3,4,4,0,1,4,0
361,3,3,1,1,3,4,4,0,1,4,0
362,0,2,6,0,5,1,5,2,4,0,5
363,3,3,1,1,3,4,4,0,1,4,0
364,5,4,2,3,2,0,1,5,5,2,4
365,5,4,2,3,2,3,1,4,5,2,3
366,3,3,1,1,3,4,4,0,1,4,0
367,0,2,6,0,5,1,5,2,4,0,5
368,0,2,6,0,5,1,5,2,4,0,5
369,4,5,4,6,6,6,6,1,2,3,1
370,3,3,1,1,3,4,4,0,1,4,0
371,0,2,6,0,5,1,5,2,4,0,5
372,6,1,0,5,0,5,5,4,4,6,3
373,3,3,1,1,3,4,4,0,1,4,0
374,1,6,2,2,1,3,2,4,6,1,3
375,5,4,2,3,2,3,1,4,5,2,3
376,3,3,1,1,3,4,4,0,1,4,0
377,4,5,4,6,6,6,6,1,2,3,2
378,1,6,4,2,1,3,2,3,6,1,6
379,5,4,2,3,2,0,3,5,3,2,4
380,5,4,2,3,2,3,2,4,6,2,3
381,5,4,2,3,2,0,1,5,5,2,4
382,0,2,6,0,5,1,5,2,4,0,5
383,0,2,6,0,5,1,5,2,4,0,5
384,3,3,1,1,3,4,4,0,1,4,0
385,0,2,6,0,5,1,1,5,4,6,5
386,4,1,0,6,6,6,6,1,2,3,1
387,1,6,4,2,1,3,2,3,6,1,6
388,0,1,0,0,5,1,5,2,4,3,1
389,0,1,0,6,6,1,5,1,4,3,1
390,3,0,5,5,3,5,4,0,1,4,0
391,3,0,5,5,3,5,4,0,1,4,0
392,0,2,6,0,5,1,5,2,4,0,5
393,4,5,4,6,6,6,6,1,2,3,2
394,6,1,0,6,0,6,6,1,2,6,1
395,6,1,0,0,0,1,5,4,4,6,3
396,0,2,6,0,5,1,5,2,4,0,5
397,3,0,5,5,3,5,4,0,1,4,0
398,0,1,0,6,6,1,5,1,4,3,1
399,5,4,2,3,2,3,1,4,5,2,3
400,0,2,6,0,5,1,5,2,4,0,5
401,5,4,2,3,2,0,3,5,3,2,4
402,4,6,0,6,6,6,6,1,2,3,1
403,3,0,5,5,3,5,4,0,1,4,0
404,3,0,5,5,3,5,4,0,1,4,0
405,0,2,6,0,5,1,5,2,4,0,5
406,1,6,4,2,1,3,2,3,6,1,6
407,6,6,0,2,0,3,2,4,6,6,3
408,5,4,2,3,2,0,3,5,3,2,4
409,0,2,6,0,5,1,5,2,4,0,5
410,0,2,6,0,5,1,5,2,4,0,5
411,2,4,3,4,4,2,0,6,0,5,6
412,0,2,6,0,5,1,5,2,4,0,5
413,4,5,4,6,6,6,6,1,2,3,1
414,0,2,6,0,5,1,5,2,4,0,5
415,3,0,5,5,3,5,4,0,1,4,0
416,3,3,1,1,3,4,4,0,1,4,0
417,0,2,6,0,5,1,5,2,4,0,5
418,0,1,6,0,5,1,1,5,4,6,5
419,5,4,2,3,2,3,2,4,6,2,3
420,1,4,2,2,1,3,3,3,6,1,6
421,6,6,0,6,0,3,2,1,6,6,1
422,0,2,6,0,5,1,5,2,4,0,5
423,1,6,4,2,1,6,2,3,6,1,6
424,1,5,4,2,1,0,3,3,3,1,2
425,5,4,2,3,2,0,1,5,5,2,4
426,1,5,4,2,1,0,3,3,3,1,2
427,0,2,6,0,5,1,5,2,4,0,5
428,4,6,4,6,6,6,2,6,6,3,6
429,0,2,6,0,5,1,5,2,4,0,5
430,1,5,4,2,1,0,3,3,3,1,2
431,0,2,6,0,5,1,5,2,4,0,5
432,3,3,1,1,3,4,4,0,1,4,0
433,4,5,4,6,6,6,6,1,2,3,2
434,5,4,2,3,2,1,1,5,5,2,4
435,1,5,4,2,1,0,3,3,3,1,2
436,4,5,4,6,6,6,6,1,2,3,2
437,6,1,0,6,0,3,2,4,6,6,6
438,5,4,2,3,2,1,1,5,5,2,4
439,5,4,2,3,2,1,1,5,5,2,4
440,0,2,6,0,5,1,5,2,4,0,5
441,5,4,2,3,2,1,1,4,5,2,3
442,6,1,2,3,0,3,1,4,5,6,3
443,3,3,1,1,3,4,4,0,1,4,0
444,6,1,0,3,0,3,1,4,5,6,3
445,0,2,6,0,5,1,5,2,4,0,5
446,5,4,2,3,2,1,1,4,5,2,3
447,4,6,0,6,6,6,6,1,2,3,1
448,6,1,0,3,0,3,2,4,6,6,3
449,1,6,4,2,1,3,2,3,6,1,6
450,0,4,6,0,5,1,5,2,4,0,5
451,4,6,4,6,6,6,6,1,2,3,1
452,3,3,1,1,3,4,2,0,1,4,0
453,0,2,6,0,5,1,5,2,4,3,1
454,1,6,4,2,1,3,2,3,6,1,6
455,4,1,0,6,6,3,2,1,6,3,1
456,0,2,6,0,5,1,5,2,4,0,5
457,0,2,6,0,5,1,5,2,4,0,5
458,1,6,4,2,1,3,2,3,6,1,6
459,1,5,4,2,1,6,3,3,3,1,2
460,0,2,6,0,5,1,1,5,4,6,5
461,0,2,6,0,5,1,5,2,4,0,5
462,3,0,5,5,3,5,4,0,1,4,0
463,0,2,6,0,5,1,5,2,4,0,5
464,4,5,4,6,6,6,6,1,2,3,2
465,6,1,5,5,0,5,4,4,1,6,3
466,2,4,3,4,4,2,0,6,0,5,6
467,5,6,2,3,2,3,2,4,6,2,3
468,5,4,2,3,2,3,1,4,5,2,3
469,6,1,2,3,0,3,1,4,5,6,3
470,3,0,5,5,3,5,4,0,1,4,0
471,6,1,0,3,0,3,2,4,6,6,3
472,4,5,4,6,6,6,6,1,2,3,2
473,3,0,5,5,3,5,4,0,1,4,0
474,4,5,4,6,6,6,6,1,2,3,2
475,0,2,6,0,5,1,5,2,4,0,5
476,5,6,2,3,2,3,2,4,6,2,3
477,6,1,0,0,0,1,5,4,4,6,5
478,4,1,0,6,6,6,6,1,2,3,1
479,0,2,6,0,5,1,5,2,4,0,5
480,6,6,0,6,0,3,2,1,6,6,1
481,4,5,4,6,6,6,6,1,2,3,2
482,3,0,5,5,3,5,4,0,1,4,0
483,4,6,4,6,6,6,6,1,2,3,1
484,3,3,1,1,3,4,4,0,1,4,0
485,5,4,2,3,2,0,3,5,3,2,4
486,4,5,4,6,6,6,6,1,2,3,2
487,6,6,0,6,0,3,2,4,6,6,1
488,1,5,4,2,1,0,3,3,3,1,2
489,3,3,1,1,3,4,4,0,1,4,0
490,4,5,4,6,6,6,6,1,2,3,2
491,5,4,2,3,2,0,3,5,3,2,4
492,1,6,2,2,1,3,2,3,6,1,6
493,0,2,6,0,5,1,5,2,4,0,5
494,5,6,2,3,2,3,2,4,6,2,3
495,0,4,2,2,0,0,4,4,6,1,3
496,3,3,1,1,3,4,4,0,1,4,0
497,4,5,4,6,6,6,6,1,2,3,2
498,4,5,4,6,6,6,6,1,2,3,2
499,0,2,6,0,5,1,5,2,4,0,5
500,3,0,5,5,3,5,4,0,1,4,0
501,0,2,6,0,5,1,5,2,4,0,5
502,1,5,4,2,1,0,3,3,3,1,2
503,5,4,2,3,2,0,3,5,3,2,4
504,4,5,4,6,6,6,6,1,2,3,2
505,0,2,6,0,5,1,5,2,4,0,5
506,3,0,5,5,3,5,4,0,1,4,0
507,3,3,1,1,3,4,4,0,1,4,0
508,6,1,5,5,0,5,5,4,4,6,3
509,3,3,1,1,3,4,4,0,1,4,0
510,0,2,6,0,5,1,5,2,4,0,5
511,0,2,6,0,5,1,5,2,4,0,5
512,4,5,4,6,6,6,6,1,2,3,2
513,4,5,4,6,6,6,6,1,2,3,2
514,3,3,1,1,3,4,4,0,1,4,0
515,5,4,2,3,2,1,1,5,5,2,4
516,4,5,4,6,6,6,6,1,2,3,2
517,4,5,4,6,6,6,3,1,3,3,2
518,4,5,0,6,6,6,6,1,2,3,1
519,4,5,4,6,6,6,6,1,2,3,1
520,4,5,4,6,6,0,3,5,3,3,2
521,6,1,0,3,0,3,2,4,6,6,3
522,3,0,5,5,3,5,4,0,1,4,0
523,0,2,6,0,5,1,5,2,4,0,5
524,4,5,4,6,6,6,6,1,2,3,1
525,0,2,6,0,5,1,5,2,4,0,5
526,5,4,2,3,2,0,1,5,5,2,4
527,3,3,1,1,3,4,4,0,1,4,0
528,3,3,1,1,3,4,4,0,1,4,0
529,1,6,4,2,1,6,2,3,6,1,6
530,1,6,4,2,1,6,2,3,6,1,1
531,4,5,4,6,6,6,6,1,2,3,1
532,4,5,4,6,6,6,6,1,2,3,2
533,5,4,2,3,2,1,1,5,5,2,4
534,5,4,2,3,2,3,1,4,5,2,3
535,5,4,2,3,2,3,1,4,5,2,3
536,4,5,4,6,6,6,6,1,2,3,1
537,1,5,4,2,1,6,3,3,3,1,2
538,0,2,6,0,5,1,5,2,4,0,5
539,0,4,6,0,5,1,5,6,4,0,5
540,4,5,4,6,6,6,6,1,2,3,2
541,0,2,6,0,5,1,5,2,4,0,5
542,5,4,2,3,2,0,3,5,3,2,4
543,4,5,4,6,6,6,6,1,2,3,1
544,0,2,6,0,5,1,5,2,4,0,5
545,6,1,0,6,0,3,2,4,6,6,3
546,4,5,4,6,6,6,6,1,2,3,1
547,2,4,3,4,4,2,0,6,0,5,6
548,5,4,2,3,2,0,1,5,5,2,4
549,3,0,5,1,3,4,4,0,1,4,0
550,0,1,0,0,5,1,5,2,4,0,5
551,4,5,4,6,6,6,6,1,2,3,2
552,4,5,4,6,6,6,6,1,2,3,1
553,1,6,4,2,1,3,2,3,6,1,6
554,0,2,6,0,5,1,5,2,4,0,5
555,5,4,2,3,2,0,1,5,5,2,4
556,4,1,0,6,6,6,6,1,2,3,1
557,0,2,6,0,5,1,5,2,4,0,5
558,1,6,4,2,1,3,2,3,6,1,6
559,3,0,5,5,3,5,4,0,1,4,0
560,0,2,6,0,5,1,5,2,4,0,5
561,1,6,4,2,1,3,2,3,6,1,6
562,6,1,0,0,0,1,5,4,4,6,3
563,5,4,2,3,2,3,1,4,5,2,3
564,4,5,4,6,6,6,6,1,2,3,2
565,1,6,4,2,1,3,2,3,6,1,6
566,4,6,0,6,6,6,2,1,6,3,1
567,0,1,0,6,5,1,5,1,4,3,1
568,0,2,6,0,5,1,5,2,4,0,5
569,3,0,5,5,3,5,4,0,1,4,0
570,3,0,5,5,3,5,4,0,1,4,0
571,0,2,6,0,5,1,5,2,4,0,5
572,4,5,4,6,6,6,6,1,2,3,2
573,4,5,4,6,6,6,6,1,2,3,1
574,6,1,0,6,6,6,6,1,2,3,1
575,6,1,0,5,0,5,4,4,1,6,3
576,6,1,0,6,0,6,6,1,2,6,1
577,0,2,6,0,5,1,5,2,4,0,5
578,5,4,2,3,2,0,1,5,5,2,4
579,0,2,6,0,5,1,5,2,4,0,5
580,0,5,6,0,5,0,3,2,3,0,2
581,6,1,6,0,0,1,5,4,4,6,5
582,0,2,6,0,5,1,5,2,4,0,5
583,0,2,6,0,5,1,5,2,4,0,5
584,0,1,0,0,5,1,5,2,4,0,5
585,3,3,1,1,3,4,4,0,1,4,0
586,1,6,4,2,1,3,2,3,6,1,6
587,3,3,1,1,3,4,4,0,1,4,0
588,4,5,0,6,6,6,6,1,2,3,1
589,4,1,0,6,6,6,6,1,2,3,1
590,0,2,6,0,5,1,5,2,4,0,5
591,4,5,4,6,6,6,6,1,2,3,1
592,0,2,6,0,5,1,5,2,4,0,5
593,4,5,4,6,6,6,6,1,2,3,2
594,3,0,5,5,3,5,4,0,1,4,0
595,5,4,2,3,2,3,1,4,5,2,3
596,5,4,2,3,2,0,1,5,5,2,4
597,0,2,6,0,5,1,5,2,4,0,5
598,1,6,4,2,1,3,2,3,6,1,6
599,0,2,6,0,5,1,5,2,4,0,5
600,0,2,6,0,5,1,5,2,4,0,5
601,1,5,4,2,1,0,3,3,3,1,2
602,1,4,2,2,1,0,3,5,3,1,4
603,6,1,2,3,0,1,1,4,5,6,3
604,5,4,2,3,2,1,1,5,5,2,4
605,4,6,4,6,6,6,6,1,2,3,1
606,5,4,2,3,2,0,1,5,5,2,4
607,5,4,2,3,2,1,1,5,5,2,4
608,1,6,4,2,1,3,2,3,6,1,6
609,3,0,5,5,3,5,4,0,1,4,0
610,0,2,6,0,5,1,5,2,4,0,5
611,0,2,6,0,5,1,5,2,4,6,5
612,0,2,6,0,5,1,5,2,4,0,5
613,4,5,4,6,6,6,6,1,2,3,1
614,4,6,4,6,6,6,6,1,2,3,1
615,4,5,4,6,6,6,3,1,3,3,2
616,0,2,6,0,5,1,5,2,4,0,5
617,0,2,6,0,5,1,5,2,4,0,5
618,0,2,6,0,5,1,5,2,4,0,5
619,4,5,4,6,6,6,6,1,2,3,1
620,3,0,5,5,3,5,4,0,1,4,0
621,4,5,4,6,6,6,6,6,2,3,6
622,4,6,4,6,6,6,6,1,2,3,1
623,1,6,4,2,1,3,2,3,6,1,6
624,0,2,6,0,5,1,5,2,4,0,5
625,4,5,4,6,6,6,3,1,3,3,2
626,4,6,0,6,6,6,6,1,2,3,1
627,3,3,1,1,3,4,4,0,1,4,0
628,0,2,6,0,5,1,5,2,4,0,5
629,0,2,6,0,5,1,5,2,4,0,5
630,1,5,4,2,1,0,3,3,3,1,2
631,0,2,6,0,5,1,5,2,4,0,5
632,0,2,6,0,5,1,5,2,4,0,5
633,5,4,2,3,2,1,1,5,5,2,4
634,5,4,2,3,2,0,1,5,5,2,4
635,1,5,4,2,1,6,3,3,3,1,2
636,0,2,6,0,5,1,5,2,4,0,5
637,4,6,0,6,6,6,6,1,2,3,1
638,3,0,5,5,3,5,4,0,1,4,0
639,3,0,5,5,3,5,4,0,1,4,0
640,2,4,3,4,4,2,0,6,0,5,6
641,3,0,5,5,3,5,4,0,1,4,0
642,6,1,0,6,0,6,6,1,2,6,1
643,0,2,6,0,5,1,5,2,4,0,5
644,3,3,1,1,3,4,4,0,1,4,0
645,0,2,6,0,5,1,5,2,4,0,5
646,1,6,2,2,1,3,2,3,6,1,3
647,0,2,6,0,5,1,5,2,4,0,5
648,5,4,2,3,2,0,3,5,3,2,4
649,3,3,1,1,3,4,4,0,1,4,0
650,4,5,4,6,6,6,6,1,2,3,2
651,3,0,5,5,3,5,4,0,1,4,0
652,4,1,0,6,6,6,6,1,2,3,1
653,4,1,0,6,6,6,6,1,2,3,1
654,1,6,4,2,1,3,2,3,6,1,6
655,3,3,1,1,3,4,4,0,1,4,0
656,5,4,2,3,2,0,3,5,3,2,4
657,0,2,6,0,5,1,5,2,4,0,5
658,0,1,6,0,5,1,5,2,4,0,5
659,0,2,6,0,5,1,5,2,4,0,5
660,5,4,2,3,2,0,3,5,3,2,4
661,1,6,2,2,1,3,2,4,6,1,3
662,4,6,0,6,6,6,2,1,6,3,1
663,0,2,6,0,5,1,5,2,4,0,5
664,4,5,6,6,6,6,6,1,2,3,5
665,0,2,6,0,5,1,5,2,4,0,5
666,1,5,4,2,1,0,3,3,3,1,2
667,3,0,5,5,3,5,4,0,1,4,0
668,5,4,2,3,2,0,1,5,5,2,4
669,0,2,6,0,5,1,5,2,4,0,5
670,4,5,4,6,6,6,6,1,2,3,1
671,1,5,4,2,1,6,3,3,3,1,2
672,0,2,6,0,5,1,5,2,4,0,5
673,6,6,0,6,0,3,2,4,6,6,1
674,1,6,4,2,1,3,2,3,6,1,2
675,0,2,6,0,5,1,5,2,4,0,5
676,0,2,6,0,5,1,5,2,4,0,3
677,0,2,6,0,5,1,5,2,4,0,5
678,6,1,0,5,0,5,4,4,1,6,3
679,1,6,4,2,1,3,2,3,6,1,6
680,4,5,0,6,6,6,6,1,2,3,1
681,0,2,6,0,5,1,5,2,1,2,4
682,1,6,4,2,1,3,2,3,6,1,6
683,4,1,0,6,6,6,6,1,2,3,1
684,6,1,0,5,0,3,2,4,6,6,3
685,6,1,0,6,0,6,2,1,6,6,1
686,0,2,6,0,5,1,5,2,4,0,5
687,4,5,4,6,6,0,3,1,3,3,2
688,0,2,6,0,5,1,5,2,4,0,5
689,0,2,6,0,5,1,5,2,4,0,5
690,1,6,4,2,1,3,2,3,6,1,6
691,3,3,1,1,3,4,4,0,1,4,0
692,3,3,1,1,3,4,4,0,1,4,0
693,4,5,4,6,6,6,6,1,2,3,2
694,1,6,2,2,1,3,2,3,6,1,3
695,1,5,4,2,1,0,3,3,3,1,2
696,0,2,6,0,5,1,1,5,4,6,5
697,6,1,0,5,0,5,2,4,6,6,3
698,3,3,1,1,3,4,4,0,1,4,0
699,3,0,5,5,3,5,4,0,1,4,0
700,4,5,6,6,6,0,3,1,3,3,2
701,2,4,3,4,4,2,0,6,0,5,6
702,1,5,4,2,1,0,3,3,3,1,2
703,5,4,2,3,2,1,1,5,5,2,4
704,5,4,2,3,2,0,1,5,5,2,4
705,1,5,4,2,1,6,3,3,3,1,2
706,1,5,4,2,1,0,3,3,3,1,2
707,5,4,2,3,2,1,1,5,5,2,4
708,0,2,6,0,5,1,5,2,4,0,5
709,0,2,6,0,5,1,5,2,4,0,5
710,0,2,6,0,5,1,5,2,4,0,5
711,0,2,6,0,5,1,5,2,4,0,5
712,3,3,1,1,3,4,4,0,1,4,0
713,1,6,4,2,1,3,2,3,6,1,6
714,5,4,2,3,2,1,1,5,5,2,4
715,6,1,5,5,0,5,4,4,1,6,3
716,1,6,4,2,1,3,2,3,6,1,6
717,4,5,4,6,6,6,6,1,2,3,1
718,1,6,4,2,1,3,2,3,6,1,6
719,0,2,6,0,5,1,5,2,4,0,5
720,4,5,4,6,6,6,6,1,2,3,1
721,0,2,6,0,5,1,5,2,4,0,5
722,4,5,4,6,6,6,6,1,2,3,1
723,0,2,6,0,5,1,5,2,4,0,5
724,4,5,4,6,6,6,3,1,3,3,2
725,0,2,6,0,5,1,5,2,4,0,5
726,4,5,4,6,6,6,6,1,2,3,1
727,0,2,6,0,5,1,5,2,4,0,5
728,0,2,6,0,5,1,5,2,4,0,5
729,0,2,6,0,5,1,5,2,4,0,5
730,3,0,5,5,3,5,4,0,1,4,0
731,0,2,6,0,5,1,5,2,4,0,5
732,5,4,2,3,2,3,2,4,6,2,3
733,4,5,4,6,6,6,6,1,2,3,2
734,4,5,4,6,6,6,6,1,2,3,1
735,0,2,6,0,5,1,5,2,4,0,5
736,0,2,6,0,5,1,5,2,4,0,5
737,4,5,4,6,6,6,6,1,2,3,2
738,4,5,4,6,6,6,6,1,2,3,2
739,4,5,4,6,6,6,6,1,2,3,1
740,6,1,5,5,0,5,4,4,1,6,3
741,5,4,2,3,2,1,1,5,5,2,4
742,5,4,2,3,2,3,1,4,5,2,3
743,5,6,2,3,2,3,2,4,6,2,3
744,1,6,4,2,1,3,2,3,6,1,6
745,3,0,5,1,3,5,4,0,1,4,0
746,0,2,6,0,5,1,5,2,4,0,5
747,3,3,1,1,3,4,4,0,1,4,0
748,4,5,4,6,6,6,6,1,2,3,2
749,0,2,6,0,5,1,5,2,4,0,5
750,0,2,6,0,5,1,5,2,4,0,5
751,3,0,5,5,3,5,4,0,1,4,0
752,3,3,1,1,3,4,4,0,1,4,0
753,5,4,2,3,2,1,1,5,5,2,4
754,4,5,4,6,6,6,6,1,2,3,2
755,6,1,0,5,0,5,5,4,4,6,3
756,4,5,0,6,6,6,6,1,2,3,1
757,5,4,2,3,2,0,1,5,5,2,4
758,1,5,4,2,1,0,3,3,3,1,2
759,0,2,6,0,5,1,5,2,4,0,5
760,0,2,6,0,5,1,1,2,5,0,5
761,4,5,4,6,6,6,6,1,2,3,1
762,5,4,2,3,2,0,1,5,5,2,4
763,3,3,1,1,3,4,4,0,1,4,0
764,5,4,2,3,2,0,1,5,5,2,4
765,4,5,4,6,6,6,6,1,2,3,1
766,3,0,5,5,3,5,4,0,1,4,0
767,1,6,4,2,1,3,2,3,6,1,6
768,3,0,5,5,3,5,4,0,1,4,0
769,6,1,0,0,0,3,2,4,6,6,3
770,5,4,2,3,2,0,1,5,5,2,4
771,0,2,6,0,5,1,5,2,4,0,5
772,0,2,6,0,5,1,5,2,4,0,5
773,1,5,4,2,1,6,3,3,3,1,2
774,0,2,6,0,5,1,1,5,4,6,5
775,5,4,2,3,2,0,1,5,5,2,4
776,0,2,6,0,5,1,1,5,4,6,5
777,1,6,4,2,1,3,2,3,6,1,6
778,1,6,4,2,1,6,2,3,6,1,2
779,0,2,6,0,5,1,5,2,4,0,5
780,3,0,5,5,3,5,4,0,1,4,0
781,1,6,4,2,1,3,2,3,6,1,6
782,6,1,0,0,0,1,5,2,4,6,5
783,4,5,4,6,6,6,6,1,2,3,2
784,4,1,0,6,6,6,6,1,2,3,1
785,5,4,2,3,2,3,1,4,5,2,3
786,1,5,4,2,1,0,3,3,3,1,2
787,1,6,4,2,1,3,2,3,6,1,6
788,4,5,4,6,6,6,6,1,2,3,1
789,3,3,1,1,3,4,4,0,1,4,0
790,0,2,6,0,5,1,5,2,4,0,5
791,3,0,5,5,3,5,4,0,1,4,0
792,4,5,4,6,6,6,6,1,2,3,1
793,1,6,4,2,1,6,2,3,6,1,1
794,4,5,4,6,6,6,6,1,2,3,2
795,3,3,1,1,3,4,4,0,1,4,0
796,0,1,0,0,5,1,5,2,4,0,5
797,1,6,4,2,1,3,2,3,6,1,6
798,1,5,4,2,1,0,3,3,3,1,2
799,3,0,5,5,3,5,4,0,1,4,0
800,0,2,6,0,5,1,5,2,4,0,5
801,4,5,4,6,6,6,3,1,3,3,2
802,4,6,0,6,6,6,6,1,2,3,1
803,5,4,2,3,2,0,1,5,5,2,4
804,6,1,0,6,0,3,2,4,6,6,3
805,1,5,4,2,1,6,3,3,3,1,2
806,6,1,0,5,0,5,5,4,4,6,3
807,4,5,4,6,6,6,6,1,2,3,2
808,5,4,2,3,2,3,1,4,5,2,3
809,1,5,4,2,1,6,3,3,3,1,2
810,0,2,6,0,5,1,5,2,4,0,5
811,4,1,0,6,6,6,6,1,2,3,1
812,0,2,6,0,5,1,5,2,4,0,5
813,0,2,6,0,5,1,5,2,4,0,5
814,0,2,6,0,5,1,5,2,4,0,5
815,4,6,0,6,6,6,6,1,2,3,1
816,0,2,6,0,5,1,5,2,4,0,5
817,0,2,6,0,5,1,5,2,4,0,5
818,4,5,4,6,6,6,6,1,2,3,1
819,0,2,6,0,5,1,5,2,4,0,5
820,4,5,4,6,6,6,6,1,2,3,2
821,1,6,2,2,1,3,2,3,6,1,2
822,1,5,4,2,1,0,3,3,3,1,2
823,0,2,6,0,5,1,5,2,4,0,5
824,5,4,2,3,2,0,1,5,5,2,4
825,4,5,4,6,6,6,6,1,2,3,1
826,6,1,0,6,0,3,2,4,6,6,1
827,6,1,0,0,0,1,5,4,4,6,3
828,3,0,5,5,3,5,4,0,1,4,0
829,4,5,0,6,6,6,6,1,2,3,1
830,6,1,0,6,0,6,2,1,6,6,1
831,4,6,0,6,6,6,6,1,2,3,1
832,3,0,5,5,3,5,4,0,1,4,0
833,5,4,2,3,2,3,2,4,6,2,3
834,1,6,4,2,1,3,2,3,6,1,6
835,0,2,6,0,5,1,1,5,4,6,5
836,6,1,0,5,0,5,5,4,4,6,3
837,5,4,2,3,2,1,1,5,5,2,4
838,0,2,6,0,5,1,5,2,4,0,5
839,5,4,2,3,2,3,1,4,5,2,3
840,6,1,0,3,0,1,1,4,5,6,3
841,4,5,4,6,6,6,6,1,3,3,2
842,1,5,4,2,1,0,3,3,3,1,2
843,3,0,5,5,3,5,4,0,1,4,0
844,4,6,4,6,6,6,6,1,2,3,1
845,0,2,6,0,5,1,5,2,4,0,5
846,0,1,6,0,5,1,5,2,4,6,5
847,1,5,4,2,1,0,3,3,3,1,2
848,4,1,0,6,6,6,6,1,2,3,1
849,6,4,0,0,0,1,5,6,4,6,5
850,6,1,0,3,0,3,2,4,6,6,3
851,0,2,6,0,5,1,5,2,4,0,5
852,1,6,2,2,1,3,2,4,6,1,3
853,1,5,4,2,1,6,3,3,3,1,2
854,6,6,0,2,0,3,2,4,6,6,3
855,5,4,2,3,2,0,1,5,5,2,4
856,3,3,1,1,3,4,4,0,1,4,0
857,4,5,4,6,6,6,6,1,2,3,2
858,0,2,6,0,5,1,5,2,4,0,5
859,5,4,2,3,2,1,1,5,5,2,4
860,5,4,2,3,2,1,1,5,5,2,4
861,3,0,5,5,3,5,4,0,1,4,0
862,1,5,4,2,1,0,3,3,3,1,2
863,0,2,6,0,5,1,5,2,4,0,5
864,3,3,1,1,3,4,4,0,1,4,0
865,0,2,0,6,6,6,1,2,5,0,1
866,1,6,4,2,1,3,2,3,6,1,6
867,4,6,4,6,6,6,6,1,6,3,1
868,3,0,5,5,3,5,4,0,1,4,0
869,4,5,4,6,6,6,6,1,2,3,2
870,3,0,5,5,3,5,4,0,1,4,0
871,4,5,4,6,6,6,6,1,2,3,2
872,1,5,4,2,1,6,3,3,3,1,2
873,5,4,2,3,2,3,1,4,5,2,3
874,1,5,4,2,1,6,3,3,3,1,2
875,6,4,0,3,0,3,2,6,6,6,6
876,0,5,6,0,5,0,3,2,3,0,2
877,0,2,6,0,5,1,5,2,4,0,5
878,5,4,2,3,2,0,3,5,3,2,4
879,4,1,0,6,6,6,6,1,2,3,1
880,5,4,2,3,2,0,1,5,5,2,4
881,3,3,1,1,3,4,4,0,1,4,0
882,3,0,5,5,3,5,4,0,1,4,0
883,1,5,4,2,1,0,3,3,3,1,2
884,3,3,1,1,3,4,4,0,1,4,0
885,0,2,6,0,5,1,5,2,4,0,5
886,4,6,0,6,6,6,6,1,2,3,1
887,0,2,6,0,5,1,5,2,4,0,5
888,4,5,6,6,6,6,6,1,2,3,2
889,4,5,4,6,6,6,6,1,2,3,2
890,4,5,4,6,6,6,6,1,2,3,2
891,0,2,6,0,5,1,5,2,4,0,5
892,1,6,2,2,1,3,2,3,6,1,3
893,3,0,5,1,3,5,4,0,1,4,0
894,5,4,2,3,2,3,1,4,5,2,3
895,0,2,6,0,5,1,5,2,4,0,5
896,1,6,2,2,1,3,2,4,6,1,3
897,5,4,2,3,2,0,3,5,3,2,4
898,4,5,4,6,6,6,6,1,2,3,1
899,0,2,6,0,5,1,5,2,4,0,5
900,4,5,4,6,6,6,6,1,2,3,2
901,0,2,6,0,5,1,5,2,4,0,5
902,1,6,0,2,1,3,2,3,6,1,1
903,0,2,6,0,5,1,5,2,4,0,5
904,0,2,6,0,5,1,5,2,4,0,5
905,5,4,2,3,2,0,1,5,5,2,4
906,3,3,1,1,3,4,4,0,1,4,0
907,1,5,4,2,1,0,3,3,3,1,2
908,1,6,4,2,1,3,2,3,6,1,6
909,3,3,1,1,3,4,4,0,1,4,0
910,5,4,2,3,2,1,1,5,5,2,4
911,3,3,1,1,3,4,4,0,1,4,0
912,1,5,4,2,1,0,3,3,3,1,2
913,1,6,0,6,6,3,2,6,6,6,6
914,1,4,2,2,1,0,3,3,3,1,4
915,5,4,2,3,2,1,1,5,5,2,4
916,0,2,6,0,5,1,5,2,4,0,5
917,1,6,4,2,1,3,2,3,6,1,6
918,3,0,5,1,3,4,4,0,1,4,0
919,6,1,0,5,0,5,4,4,1,6,3
920,4,6,0,6,6,6,6,1,2,3,1
921,3,3,1,1,3,4,4,0,1,4,0
922,4,5,4,6,6,6,6,1,2,3,2
923,0,2,6,0,5,1,5,2,4,0,5
924,0,2,6,0,5,1,5,2,4,0,5
925,5,6,2,3,2,3,2,4,6,2,3
926,0,2,6,0,5,1,5,2,4,0,5
927,1,5,4,2,1,6,3,3,3,1,2
928,4,5,4,2,6,6,3,3,3,3,2
929,4,5,4,6,6,6,6,1,2,3,1
930,4,5,4,6,6,6,6,1,2,3,2
931,0,2,6,0,5,1,5,2,4,0,5
932,1,5,4,2,1,6,3,3,3,1,2
933,4,5,0,6,6,6,6,1,2,3,1
934,4,5,4,6,6,6,6,1,2,3,2
935,3,3,1,1,3,4,4,0,1,4,0
936,4,5,4,6,6,6,6,1,2,3,2
937,3,3,1,1,3,4,4,0,1,4,0
938,0,2,6,0,5,1,5,2,4,0,5
939,1,6,4,6,6,6,2,1,6,1,1
940,5,4,2,3,2,3,1,4,5,2,3
941,4,5,4,6,6,6,6,1,2,3,2
942,5,4,2,3,2,3,1,4,5,2,3
943,3,3,1,1,3,4,4,0,1,4,0
944,1,5,4,2,1,6,3,3,3,1,2
945,4,6,0,6,6,6,6,1,2,3,1
946,3,3,1,1,3,4,4,0,1,4,0
947,0,2,6,0,5,1,5,2,4,0,5
948,1,5,4,2,1,0,3,3,3,1,2
949,0,2,6,0,5,1,5,2,4,0,5
950,3,0,5,5,3,5,4,0,1,4,0
951,4,5,4,6,6,6,6,1,2,3,1
952,4,5,4,6,6,6,6,1,2,3,1
953,0,2,6,0,5,1,5,2,4,0,5
954,0,2,6,0,5,1,5,2,4,0,5
955,5,4,2,3,2,1,2,4,5,2,4
956,1,5,4,2,1,0,3,3,3,1,2
957,5,4,2,3,2,0,1,5,5,2,4
958,4,5,4,6,6,6,6,1,2,3,2
959,1,5,4,2,1,6,3,3,3,1,2
960,6,1,0,5,0,5,5,4,4,6,3
961,3,3,1,1,3,4,4,0,1,4,0
962,4,5,4,6,6,6,6,1,2,3,1
963,0,2,6,0,5,1,5,2,4,0,5
964,1,5,4,2,1,0,3,3,3,1,2
965,3,0,5,5,3,5,4,0,1,4,0
966,0,2,6,0,5,1,5,2,4,0,5
967,4,1,0,6,6,6,6,1,2,3,1
968,3,0,5,5,3,5,4,0,1,4,0
969,4,5,4,6,6,6,6,1,2,3,1
970,1,6,4,2,1,3,2,3,6,1,6
971,2,6,3,4,4,2,0,6,0,5,6
972,5,6,2,3,2,3,2,4,6,2,3
973,5,4,2,3,2,0,1,5,5,2,4
974,5,4,2,3,2,1,1,5,5,2,4
975,4,5,4,6,6,6,6,1,2,3,2
976,0,2,6,0,5,1,5,2,4,0,5
977,1,5,4,2,1,0,3,3,3,1,2
978,0,2,6,0,5,1,5,2,4,0,5
979,1,6,4,2,1,3,2,3,6,1,6
980,0,2,6,0,5,1,5,2,4,0,5
981,4,5,4,6,6,6,6,1,2,3,2
982,6,1,0,5,0,5,5,4,4,6,3
983,4,5,4,6,6,6,6,1,2,3,2
984,1,4,2,2,1,0,3,5,3,1,4
985,5,4,2,3,2,0,1,5,5,2,4
986,0,2,6,0,5,1,5,2,4,0,5
987,3,3,1,1,3,4,4,0,1,4,0
988,0,2,6,0,5,1,5,2,4,0,5
989,0,2,6,0,5,1,5,2,4,0,5
990,3,3,1,1,3,4,4,0,1,4,0
991,0,2,6,0,5,1,5,2,4,0,5
992,4,5,4,6,6,6,6,1,2,3,2
993,5,4,2,3,2,1,1,5,5,2,4
994,1,5,4,2,1,0,3,3,3,1,2
995,3,3,1,1,3,4,4,0,1,4,0
996,5,4,2,3,2,3,1,4,5,2,3
997,3,0,5,5,3,5,4,0,1,4,0
998,1,5,4,2,1,6,3,3,3,1,2
999,3,0,5,5,3,5,4,0,1,4,0
1000,5,4,2,3,2,1,1,5,5,2,4
1001,6,1,0,5,0,3,2,4,6,6,3
1002,1,5,4,2,1,0,3,3,3,1,2
1003,1,6,4,2,1,6,2,3,6,1,1
1004,1,6,2,2,1,3,2,4,6,1,3
1005,1,6,2,2,1,3,2,3,6,1,6
1006,4,6,0,6,6,6,6,1,2,3,1
1007,1,6,4,2,1,3,2,3,6,1,6
1008,1,5,4,2,1,6,3,3,3,1,2
1009,4,5,4,6,6,6,6,1,2,3,2
1010,3,3,1,1,3,4,4,0,1,4,0
1011,4,5,4,6,6,6,6,1,2,3,1
1012,1,5,4,2,1,6,3,3,3,1,2
1013,4,5,4,6,6,6,6,1,2,3,2
1014,3,0,5,5,3,5,4,0,1,4,0
1015,0,2,6,0,5,1,5,2,4,0,5
1016,4,5,4,6,6,6,6,1,2,3,2
1017,0,2,6,0,5,1,5,2,4,0,5
1018,5,4,2,3,2,3,2,4,6,2,3
1019,6,1,0,5,0,3,2,4,6,6,3
1020,5,4,2,3,2,1,1,4,5,2,3
1021,1,5,4,2,1,6,3,3,3,1,2
1022,3,3,1,1,3,4,4,0,1,4,0
1023,0,2,6,0,5,1,5,2,4,0,5
1024,1,5,4,2,1,6,3,3,3,1,2
1025,4,5,4,6,6,6,6,1,2,3,1
1026,0,2,6,0,5,1,5,2,4,0,5
1027,5,4,2,3,2,3,1,4,5,2,3
1028,6,1,0,6,0,3,2,4,6,6,1
1029,1,5,4,2,1,6,3,3,3,1,2
1030,3,0,5,1,3,4,4,0,1,4,0
1031,1,5,4,2,1,0,3,3,3,1,2
1032,0,2,6,0,5,1,5,2,4,0,5
1033,4,5,4,6,6,6,6,1,2,2,2
1034,4,5,4,6,6,6,6,1,2,3,1
1035,4,5,0,6,6,6,6,1,2,3,1
1036,4,5,4,6,6,6,3,1,3,3,2
1037,4,5,4,6,6,6,6,1,2,3,2
1038,3,0,5,5,3,5,4,0,1,4,0
1039,0,2,6,0,5,1,5,2,4,0,5
1040,1,5,4,2,1,6,3,3,3,1,2
1041,5,4,2,3,2,0,1,5,5,2,4
1042,4,5,4,6,6,6,6,1,2,3,2
1043,0,2,6,0,5,1,5,2,4,0,5
1044,3,0,5,5,3,5,4,0,1,4,0
1045,3,3,1,1,3,4,4,0,1,4,0
1046,0,2,6,0,5,1,5,2,4,0,5
1047,6,1,0,5,0,5,4,4,1,6,0
1048,3,0,1,1,3,4,4,0,1,4,0
1049,5,4,2,3,2,3,1,4,5,2,3
1050,5,4,2,3,2,0,3,5,3,2,4
1051,6,1,0,5,0,5,5,4,4,6,3
1052,5,4,2,3,2,0,1,5,5,2,4
1053,1,6,4,2,1,6,2,3,6,1,6
1054,4,5,0,6,6,6,6,1,2,3,1
1055,4,5,6,6,6,0,3,1,3,3,2
1056,3,3,1,1,3,4,4,0,1,4,0
1057,5,4,2,3,2,1,1,5,5,2,4
1058,6,1,0,5,0,3,2,4,6,6,3
1059,3,0,5,5,3,5,4,0,1,4,0
1060,0,2,6,0,5,1,5,2,4,0,5
1061,1,6,4,2,1,3,2,3,6,1,6
1062,5,4,2,3,2,1,1,5,5,2,4
1063,0,2,6,0,5,1,5,2,4,0,5
1064,0,1,6,0,5,1,5,4,4,6,5
1065,4,5,4,6,6,6,6,1,2,3,2
1066,6,1,0,3,0,3,5,4,4,6,3
1067,1,4,2,2,1,0,3,3,3,1,4
1068,6,1,5,5,0,5,4,4,1,6,3
1069,1,5,4,2,1,0,3,3,3,1,2
1070,0,2,6,0,5,1,5,2,4,0,5
1071,1,5,4,2,1,6,3,3,3,1,2
1072,0,1,0,0,5,1,5,2,4,0,5
1073,0,1,0,0,5,1,5,2,4,6,5
1074,4,5,4,6,6,6,6,1,2,3,1
1075,3,0,5,1,3,5,4,0,1,4,0
1076,3,3,1,1,3,4,4,0,1,4,0
1077,3,3,1,1,3,4,4,0,1,4,0
1078,1,6,4,2,1,3,2,3,6,1,6
1079,4,1,0,6,6,6,6,1,2,3,1
1080,0,2,6,0,5,1,5,2,4,0,5
1081,0,2,6,0,5,1,5,2,4,0,5
1082,3,0,5,5,3,5,4,0,1,4,0
1083,3,0,5,1,3,4,4,0,1,4,0
1084,4,5,4,6,6,6,6,1,2,3,1
1085,5,6,2,3,2,3,2,4,6,2,3
1086,0,2,6,0,5,1,5,2,4,0,5
1087,4,5,4,6,6,6,6,1,2,3,2
1088,0,2,6,0,5,1,5,2,4,0,5
1089,4,1,0,6,6,6,6,1,2,3,1
1090,5,4,2,3,2,3,1,4,5,2,3
1091,1,6,4,2,1,6,2,3,6,1,6
1092,4,1,0,6,6,6,6,1,2,3,1
1093,6,1,0,3,0,3,1,4,5,6,3
1094,4,5,4,6,6,6,6,1,2,3,2
1095,0,2,6,0,5,1,5,2,4,0,5
1096,5,4,2,3,2,3,1,5,5,2,4
1097,1,5,4,2,1,0,3,3,3,1,2
1098,3,0,5,5,3,5,4,0,1,4,0
1099,4,5,6,6,6,6,6,1,2,3,2
1100,0,2,6,0,5,1,5,2,4,0,5
1101,1,6,4,2,1,3,2,3,6,1,6
1102,0,2,6,0,5,1,5,2,4,0,5
1103,4,5,4,6,6,6,6,1,2,3,1
1104,1,5,4,2,1,0,3,3,3,1,2
1105,5,4,2,3,2,3,1,4,5,2,3
1106,0,2,6,0,5,1,5,2,4,0,5
1107,1,5,4,2,1,6,3,3,3,1,2
1108,1,6,4,2,1,3,2,3,6,1,6
1109,1,5,4,2,1,0,3,3,3,1,2
1110,0,2,6,0,5,1,5,2,4,0,5
1111,4,6,0,6,6,6,2,1,6,3,1
1112,3,0,5,5,3,5,4,0,1,4,0
1113,5,4,2,3,2,0,3,5,3,2,4
1114,3,0,5,5,3,5,4,0,1,4,0
1115,3,3,1,1,3,4,4,0,1,4,0
1116,4,5,4,6,6,6,6,1,2,3,1
1117,0,2,6,0,5,1,5,2,4,0,5
1118,1,6,2,2,1,3,2,4,6,1,3
1119,5,4,2,3,2,0,1,5,5,2,4
1120,0,2,6,0,5,1,5,2,4,0,5
1121,0,2,6,0,5,1,5,2,4,0,5
1122,3,0,5,5,3,5,4,0,1,4,0
1123,1,6,4,2,1,3,2,3,6,1,6
1124,4,5,4,6,6,6,6,1,2,3,1
1125,6,1,0,5,0,3,2,4,6,6,3
1126,1,6,2,2,1,3,2,4,6,1,3
1127,3,0,5,5,3,5,4,0,1,4,0
1128,5,4,2,3,2,1,1,5,5,2,4
1129,0,2,6,0,5,1,1,5,4,6,5
1130,4,6,0,6,6,6,6,1,2,3,1
1131,3,0,5,5,3,5,4,0,1,4,0
1132,4,5,4,6,6,6,6,1,2,3,1
1133,4,5,4,6,6,6,6,1,2,3,2
1134,1,6,4,2,1,3,2,3,6,1,6
1135,5,4,2,3,2,3,1,4,5,2,3
1136,3,3,1,1,3,4,4,0,1,4,0
1137,0,2,6,0,5,1,5,2,4,0,5
1138,0,2,6,0,5,1,5,2,4,0,5
1139,4,5,4,6,6,6,6,1,2,3,2
1140,1,5,4,2,1,6,3,3,3,1,2
1141,4,6,0,6,6,6,6,1,2,3,1
1142,5,4,2,3,2,1,1,5,5,2,4
1143,5,4,2,3,2,1,1,5,5,2,4
1144,1,5,4,2,1,0,3,3,3,1,2
1145,0,5,6,6,6,0,3,1,3,3,2
1146,2,4,3,4,4,2,0,6,0,5,6
1147,6,6,0,6,0,3,2,1,6,6,1
1148,4,5,4,6,6,6,6,1,2,3,2
1149,3,0,5,5,3,5,4,0,1,4,0
1150,1,6,4,6,6,6,2,1,6,1,1
1151,0,2,6,0,5,1,5,2,4,0,5
1152,4,5,4,6,6,6,6,1,2,3,2
1153,6,1,0,5,0,5,5,4,4,6,3
1154,5,5,2,3,2,0,3,5,3,2,4
1155,1,5,4,2,1,6,3,3,3,1,2
1156,6,1,0,3,0,3,1,4,5,6,3
1157,5,4,2,3,2,0,1,5,5,2,4
1158,0,2,6,0,5,1,5,2,4,0,5
1159,4,5,4,6,6,6,6,1,2,3,2
1160,4,1,0,6,6,6,6,1,2,3,1
1161,4,5,4,6,6,6,6,1,2,3,1
1162,3,3,1,1,3,4,4,0,1,4,0
1163,3,0,5,5,3,5,4,0,1,4,0
1164,6,1,0,6,0,6,6,1,2,6,1
1165,6,6,0,6,0,3,2,1,6,6,1
1166,0,2,6,0,5,1,5,2,4,0,5
1167,4,5,4,6,6,6,6,1,2,3,2
1168,3,3,1,1,3,4,4,0,1,4,0
1169,3,3,1,1,3,4,4,0,1,4,0
1170,4,5,4,6,6,6,6,1,2,3,1
1171,4,5,4,6,6,6,3,1,3,3,2
1172,5,4,2,3,2,0,1,5,5,2,4
1173,3,0,5,5,3,5,4,0,1,4,0
1174,5,4,2,3,2,0,1,5,5,2,4
1175,0,2,6,0,5,1,5,2,4,0,5
1176,0,2,6,0,5,1,5,2,4,0,5
1177,0,2,6,0,5,1,5,2,4,0,5
1178,1,5,4,2,1,0,3,3,3,1,2
1179,3,3,1,1,3,4,4,0,1,4,0
1180,4,5,0,6,6,6,6,1,2,3,1
1181,4,6,4,6,6,6,6,1,2,3,6
1182,0,2,6,0,5,1,5,2,4,0,5
1183,3,3,1,1,3,4,4,0,1,4,0
1184,3,3,1,1,3,4,4,0,1,4,0
1185,4,5,4,6,6,6,6,1,2,3,2
1186,3,0,5,5,3,5,4,0,1,4,0
1187,1,6,2,2,1,3,2,4,6,1,3
1188,0,2,6,0,5,1,5,2,4,0,5
1189,4,1,0,6,6,6,6,1,2,3,1
1190,1,5,4,2,1,6,3,3,3,1,2
1191,1,6,4,2,1,3,2,3,6,1,6
1192,0,2,6,0,5,1,5,2,4,0,5
1193,4,5,4,6,6,6,6,1,2,3,1
1194,0,2,6,0,5,1,5,2,4,0,5
1195,4,5,4,6,6,6,6,1,2,3,1
1196,0,2,6,0,5,1,5,2,4,0,5
1197,1,6,4,2,1,3,2,3,6,1,6
1198,4,5,4,6,6,6,6,1,2,3,2
1199,6,1,0,6,0,6,6,1,2,6,1
1200,0,2,0,6,5,1,5,2,4,0,5
1201,5,4,2,3,2,0,1,5,5,2,4
1202,0,2,6,0,5,1,5,2,4,0,5
1203,3,3,1,1,3,4,4,0,1,4,0
1204,4,5,6,6,6,0,3,1,3,3,2
1205,4,5,6,6,6,0,3,1,3,3,2
1206,1,5,4,2,1,0,3,3,3,1,2
1207,0,2,6,0,5,1,5,2,4,0,5
1208,4,5,4,6,6,6,6,1,2,3,2
1209,0,2,6,0,5,1,5,2,4,0,5
1210,0,2,6,0,5,1,5,2,4,0,5
1211,6,1,0,3,0,1,5,4,4,6,3
1212,3,0,5,5,3,5,4,0,1,4,0
1213,6,1,0,5,0,5,2,4,6,6,3
1214,0,2,6,0,5,1,5,2,4,0,5
1215,4,5,4,6,6,6,6,1,2,3,2
1216,0,2,0,0,5,1,5,2,4,0,5
1217,0,1,6,0,5,1,5,2,4,0,5
1218,4,5,4,6,6,6,6,1,2,3,2
1219,0,2,6,0,5,1,5,2,4,0,5
1220,5,4,2,3,2,0,3,5,3,2,4
1221,0,2,6,0,5,1,5,2,4,0,5
1222,0,2,2,3,5,1,5,2,4,2,5
1223,0,2,6,0,5,1,5,2,4,0,5
1224,1,5,4,2,1,6,3,3,3,1,2
1225,0,2,6,0,5,1,5,2,4,0,5
1226,1,5,4,2,1,0,3,3,3,1,2
1227,4,5,4,6,6,6,6,1,2,3,1
1228,0,1,6,0,5,1,5,2,4,0,5
1229,3,3,1,1,3,4,4,0,1,4,0
1230,1,6,4,2,1,3,2,3,6,1,6
1231,0,1,6,6,6,6,6,2,2,3,1
1232,6,1,0,3,0,1,1,4,5,6,3
1233,1,6,4,2,1,3,2,3,6,1,6
1234,5,4,2,3,2,3,1,4,5,2,3
1235,4,5,0,6,6,6,6,1,2,3,1
1236,4,5,4,6,6,6,6,1,2,3,2
1237,0,2,6,0,5,1,5,2,4,0,5
1238,1,5,4,2,1,0,3,5,3,1,2
1239,1,5,4,2,1,0,3,3,3,1,2
1240,4,5,4,6,6,6,6,1,2,3,2
1241,3,0,5,5,3,5,4,0,1,4,0
1242,0,2,6,0,5,1,1,5,5,0,4
1243,6,1,0,5,0,3,2,4,6,6,3
1244,4,6,4,6,6,6,6,1,2,3,1
1245,3,3,1,1,3,4,4,0,1,4,0
1246,3,0,5,5,3,5,4,0,1,4,0
1247,0,2,6,0,5,1,5,2,4,0,5
1248,5,4,2,3,2,0,3,5,3,2,4
1249,5,4,2,3,2,0,1,5,5,2,4
1250,1,4,2,2,1,0,3,5,3,1,4
1251,0,2,6,0,5,1,5,2,4,0,5
1252,5,4,2,3,2,3,1,4,5,2,3
1253,4,5,4,6,6,6,6,1,2,3,1
1254,3,0,5,5,3,5,4,0,1,4,0
1255,4,5,4,6,6,6,6,1,2,3,1
1256,0,2,6,0,5,1,5,2,4,0,5
1257,4,5,4,6,6,6,6,1,2,3,2
1258,0,2,6,0,5,1,5,2,4,0,5
1259,6,1,5,5,0,5,5,4,4,6,3
1260,5,4,2,3,2,0,1,5,5,2,4
1261,1,5,4,2,1,0,3,3,3,1,2
1262,1,6,4,2,1,3,2,3,6,1,6
1263,5,4,2,3,2,0,1,5,5,2,4
1264,1,6,4,2,1,3,2,3,6,1,6
1265,0,2,6,0,5,1,5,2,4,0,5
1266,5,4,2,3,2,3,1,4,5,2,3
1267,0,2,6,0,5,1,5,2,4,0,5
1268,0,2,6,0,5,1,5,2,4,0,5
1269,1,6,0,2,1,3,2,3,6,1,1
1270,5,4,2,3,2,0,1,5,5,2,4
1271,4,5,4,6,6,6,6,1,2,3,1
1272,0,2,0,6,5,1,5,2,4,0,5
1273,4,1,0,6,6,6,6,1,2,3,1
1274,4,5,4,6,6,6,6,1,2,3,2
1275,0,2,6,0,5,1,5,2,4,0,5
1276,6,1,0,6,0,3,2,4,6,6,1
1277,4,6,4,6,6,6,2,1,6,3,1
1278,1,5,4,2,1,6,3,3,3,1,2
1279,1,6,4,2,1,3,2,3,6,1,6
1280,4,1,0,6,6,6,6,1,2,3,1
1281,5,4,2,3,2,3,1,4,6,2,3
1282,0,2,6,0,5,1,5,2,4,0,5
1283,1,6,4,2,1,3,2,3,6,1,6
1284,0,2,6,0,5,1,5,2,4,0,5
1285,3,3,1,1,3,4,4,0,1,4,0
1286,0,2,6,0,5,1,5,2,4,0,5
1287,6,1,0,5,0,5,2,4,6,6,3
1288,6,1,2,3,0,1,1,4,5,6,3
1289,1,6,0,2,1,3,2,3,6,1,6
1290,0,2,6,0,5,1,5,2,4,0,5
1291,5,4,2,3,2,0,1,5,5,2,4
1292,3,3,1,1,3,4,4,0,1,4,0
1293,4,5,0,6,6,6,6,1,2,3,1
1294,4,5,4,6,6,6,3,1,3,3,2
1295,1,6,4,2,1,3,2,3,6,1,6
1296,1,6,4,2,1,3,2,3,6,1,6
1297,4,5,4,6,6,6,6,1,2,3,2
1298,4,1,0,6,6,6,6,1,2,3,1
1299,4,1,0,6,6,6,6,1,2,3,1
1300,4,1,0,6,6,6,6,1,2,3,1
1301,3,0,5,5,3,5,4,0,1,4,0
1302,0,1,0,0,5,1,5,2,4,6,5
1303,1,5,4,2,1,0,3,3,3,1,2
1304,5,4,2,3,2,1,1,5,5,2,4
1305,0,2,6,0,5,1,5,2,4,0,5
1306,1,6,4,2,1,3,2,3,6,1,6
1307,4,5,4,6,6,6,6,1,2,3,2
1308,3,3,1,1,3,4,4,0,1,4,0
1309,4,5,4,6,6,6,6,1,2,3,2
1310,3,3,1,1,3,4,4,0,1,4,0
1311,0,2,6,0,5,1,1,5,4,6,5
1312,5,5,2,2,2,0,3,5,3,2,2
1313,0,2,6,0,5,1,5,2,4,0,5
1314,3,0,5,5,3,5,4,0,1,4,0
1315,4,5,4,6,6,6,6,1,2,3,1
1316,0,2,6,0,5,1,5,2,4,0,5
1317,0,1,6,0,5,1,5,2,4,0,5
1318,1,6,4,2,1,3,2,3,6,1,6
1319,0,2,6,0,5,1,5,2,4,0,5
1320,3,0,5,5,3,5,4,0,1,4,0
1321,4,5,4,6,6,6,6,1,2,3,2
1322,4,5,4,6,6,6,6,1,2,3,2
1323,4,1,0,6,6,6,6,1,2,3,1
1324,0,2,6,0,5,1,5,2,4,0,5
1325,5,4,2,3,2,3,1,4,5,2,3
1326,4,1,0,6,6,6,6,1,2,3,1
1327,4,5,4,6,6,6,6,1,2,3,2
1328,0,2,6,0,5,1,5,2,4,0,5
1329,1,6,4,2,1,3,2,3,6,1,6
1330,0,2,6,0,5,0,5,2,4,0,5
1331,1,5,4,2,1,0,3,3,3,1,2
1332,0,2,6,0,5,1,5,2,4,0,5
1333,3,0,5,5,3,5,4,0,1,4,0
1334,0,2,6,0,5,1,5,2,4,0,5
1335,4,5,4,6,6,6,6,1,2,3,2
1336,4,6,0,6,6,6,6,1,2,3,1
1337,6,1,0,6,0,1,5,1,4,6,1
1338,6,1,0,5,0,5,5,4,4,6,3
1339,4,5,4,6,6,0,3,1,3,3,2
1340,6,1,0,5,0,5,5,4,4,6,3
1341,1,6,4,2,1,3,2,3,6,1,6
1342,4,6,0,6,6,6,2,1,6,3,1
1343,1,6,4,2,1,3,2,3,6,1,6
1344,1,6,4,2,1,3,2,3,6,1,6
1345,3,3,1,1,3,4,4,0,1,4,0
1346,3,3,1,1,3,4,4,0,1,4,0
1347,4,5,4,6,6,6,6,1,2,3,1
1348,0,2,6,0,5,1,5,2,4,0,5
1349,6,1,0,6,0,6,6,1,2,6,1
1350,0,2,6,0,5,1,5,2,4,0,5
1351,0,2,6,0,5,1,5,2,4,0,5
1352,5,6,2,3,2,3,2,4,6,2,3
1353,1,5,4,2,1,6,3,3,3,1,2
1354,5,4,2,3,2,1,1,4,5,2,3
1355,3,0,5,5,3,5,4,0,1,4,0
1356,0,2,6,0,5,1,5,2,4,0,5
1357,3,3,1,1,3,4,4,0,1,4,0
1358,6,6,0,2,0,3,2,4,6,6,1
1359,4,5,4,6,6,6,6,1,2,3,2
1360,0,2,6,0,5,1,5,2,4,0,5
1361,0,2,6,0,5,1,5,2,4,0,5
1362,1,6,4,2,1,6,2,3,6,1,6
1363,6,1,0,3,0,3,2,4,6,6,3
1364,0,2,6,0,5,1,5,2,4,0,5
1365,1,5,4,2,1,0,3,1,3,1,2
1366,4,5,4,6,6,6,6,1,2,3,2
1367,1,6,4,2,1,3,2,3,6,1,6
1368,4,5,4,6,6,6,6,1,2,3,2
1369,4,5,4,6,6,6,6,1,2,3,2
1370,5,4,2,3,2,0,3,5,3,2,4
1371,0,2,6,0,5,1,5,2,4,0,5
1372,1,5,4,2,1,0,3,3,3,1,2
1373,3,0,5,5,3,5,4,0,1,4,0
1374,3,3,1,1,3,4,4,0,1,4,0
1375,4,5,0,6,6,6,6,1,2,3,1
1376,3,0,5,5,3,5,4,0,1,4,0
1377,6,1,6,0,0,1,5,4,4,6,3
1378,1,6,4,2,1,3,2,3,6,1,6
1379,4,1,0,6,6,6,6,1,2,3,1
1380,3,3,1,1,3,4,4,0,1,4,0
1381,6,1,0,6,0,3,2,4,6,6,1
1382,1,6,4,2,1,3,2,3,6,1,6
1383,0,2,6,0,5,1,5,2,4,0,5
1384,5,4,2,3,2,3,1,4,5,2,3
1385,4,6,4,6,6,6,6,1,2,3,1
1386,1,6,2,2,1,3,2,4,6,1,3
1387,5,4,2,3,2,0,1,5,5,2,4
1388,0,2,6,0,5,1,5,2,4,0,5
1389,5,4,2,3,2,0,1,5,5,2,4
1390,0,2,6,0,5,1,5,2,4,0,5
1391,0,2,6,0,5,1,5,2,4,0,5
1392,1,6,4,2,1,3,2,3,6,1,6
1393,1,5,4,2,1,6,3,3,3,1,2
1394,3,0,5,5,3,5,4,0,1,4,0
1395,5,4,2,3,2,1,1,5,5,2,4
1396,0,2,6,0,5,1,5,2,4,0,5
1397,4,5,4,6,6,6,6,1,2,3,2
1398,4,5,4,6,6,6,6,1,2,3,2
1399,1,5,4,2,1,6,3,3,3,1,2
1400,3,3,1,1,3,4,4,0,1,4,0
1401,1,6,4,2,1,3,2,3,6,1,6
1402,1,5,4,2,1,0,3,3,3,1,2
1403,0,2,6,0,5,1,5,2,4,0,5
1404,0,2,6,0,5,1,5,2,4,0,5
1405,6,1,5,5,0,5,5,4,4,6,3
1406,0,2,6,0,5,1,5,2,4,0,5
1407,0,2,6,0,5,1,5,2,4,0,5
1408,5,4,2,3,2,3,1,4,5,2,3
1409,4,1,0,6,6,6,6,1,2,3,1
1410,1,5,4,2,1,6,3,3,3,1,2
1411,4,6,4,6,6,6,2,1,6,3,1
1412,5,4,2,3,2,0,3,5,3,2,4
1413,5,4,2,3,2,0,3,5,3,2,4
1414,1,5,4,2,1,0,3,3,3,1,2
1415,0,2,6,0,5,1,5,2,4,0,5
1416,0,2,6,0,5,1,5,2,4,0,5
1417,4,6,0,6,6,6,2,1,6,3,1
1418,4,5,4,6,6,6,6,1,2,3,2
1419,5,4,2,3,2,1,1,5,5,2,4
1420,0,2,6,0,5,1,5,2,4,0,5
1421,1,6,4,2,1,3,2,3,6,1,6
1422,0,2,6,0,5,1,5,2,4,0,5
1423,3,3,1,1,3,4,4,0,1,4,0
1424,1,6,2,2,1,3,2,3,6,1,3
1425,4,5,4,6,6,6,6,1,2,3,2
1426,1,6,4,2,1,6,2,3,6,1,6
1427,1,5,4,2,1,0,3,3,3,1,2
1428,0,2,6,0,5,1,5,2,4,0,5
1429,3,3,1,1,3,4,4,0,1,4,0
1430,0,2,6,0,5,1,5,2,4,0,5
1431,4,6,4,6,6,6,2,1,6,3,1
1432,4,5,4,6,6,6,6,1,2,3,2
1433,4,1,0,6,6,6,6,1,2,3,1
1434,5,4,2,3,2,0,1,5,5,2,4
1435,5,4,2,3,2,1,1,5,5,2,4
1436,1,6,4,2,1,3,2,3,6,1,6
1437,3,0,5,5,3,5,4,0,1,4,0
1438,6,1,0,5,0,3,2,4,6,6,3
1439,5,4,2,3,2,3,1,4,5,2,3
1440,6,1,0,6,0,3,2,4,6,6,1
1441,5,4,2,3,2,0,1,5,5,2,4
1442,5,4,2,3,2,0,3,5,3,2,4
1443,6,1,0,2,0,3,2,4,6,6,3
1444,5,4,2,3,2,0,1,5,5,2,4
1445,3,0,5,5,3,5,4,0,1,4,0
1446,6,1,0,6,0,3,2,4,6,6,1
1447,0,2,6,0,5,1,5,2,4,0,5
1448,3,3,1,1,3,4,4,0,1,4,0
1449,4,5,4,6,6,6,6,1,2,3,2
1450,0,2,6,0,5,1,5,2,4,0,5
1451,0,2,6,0,5,1,1,5,4,6,5
1452,0,2,6,0,5,1,5,2,4,0,5
1453,3,3,1,1,3,4,4,0,1,4,0
1454,5,6,2,3,2,3,2,4,6,2,3
1455,4,5,0,6,6,6,6,1,2,3,1
1456,5,4,2,3,2,1,1,5,5,2,4
1457,0,2,6,0,5,1,5,2,4,0,5
1458,6,1,0,0,0,1,5,4,4,6,3
1459,1,5,4,2,1,0,3,3,3,1,2
1460,6,1,6,0,0,1,5,2,4,6,5
1461,1,6,4,2,1,3,2,3,6,1,6
1462,5,4,2,3,2,0,1,5,5,2,4
1463,4,1,0,6,6,6,6,1,2,6,1
1464,6,6,0,6,0,3,2,4,6,6,1
1465,1,6,2,2,1,3,2,3,6,1,3
1466,5,4,2,3,2,1,1,5,5,2,4
1467,3,3,1,1,3,4,4,0,1,4,0
1468,4,1,0,6,6,6,6,1,2,3,1
1469,1,6,4,2,1,6,2,3,6,1,1
1470,3,3,1,1,3,4,4,0,1,4,0
1471,1,6,4,2,1,3,2,3,6,1,6
1472,6,1,0,0,0,1,5,4,4,6,3
1473,4,5,4,6,6,6,6,1,2,3,2
1474,0,2,6,0,5,1,5,2,4,0,5
1475,0,2,6,0,5,1,5,2,4,0,5
1476,1,6,4,2,1,3,2,3,6,1,6
1477,1,6,4,2,1,3,2,3,6,1,6
1478,1,6,2,2,1,3,2,3,6,1,3
1479,3,0,5,5,3,5,4,0,1,4,0
1480,3,3,1,1,3,4,4,0,1,4,0
1481,0,2,6,0,5,1,5,2,4,0,5
1482,5,4,2,3,2,0,1,5,5,2,4
1483,3,0,5,1,3,4,4,0,1,4,0
1484,4,5,4,6,6,6,6,1,2,3,2
1485,1,6,4,2,1,6,2,3,6,1,2
1486,3,3,1,1,3,4,4,0,1,4,0
1487,1,6,4,2,1,3,2,3,6,1,6
1488,4,6,0,6,6,6,6,1,2,3,1
1489,4,5,4,6,6,6,6,1,2,3,2
1490,3,3,1,1,3,4,4,0,1,4,0
1491,4,5,4,6,6,6,6,1,2,3,2
1492,4,5,4,6,6,6,6,1,2,3,2
1493,1,5,4,2,1,6,3,3,3,1,2
1494,5,4,2,3,2,3,1,4,5,2,3
1495,1,5,4,2,1,0,3,3,3,1,2
1496,1,6,4,2,1,3,2,3,6,1,6
1497,4,5,4,6,6,6,6,1,2,3,1
1498,3,3,1,1,3,4,4,0,1,4,0
1499,6,1,0,0,0,1,5,2,4,6,5
1500,6,6,0,2,0,3,2,4,6,6,3
1501,0,2,6,0,5,1,5,2,4,0,5
1502,3,3,1,1,3,4,4,0,1,4,0
1503,0,2,6,0,5,1,5,2,4,0,5
1504,4,5,4,6,6,6,6,1,2,3,2
1505,0,2,6,0,5,1,5,2,4,0,5
1506,3,0,1,1,3,4,4,0,1,4,0
1507,4,1,0,6,6,6,6,1,2,3,1
1508,3,0,5,5,3,5,4,0,1,4,0
1509,4,5,4,6,6,6,6,1,2,3,2
1510,5,4,2,3,2,0,1,5,5,2,4
1511,3,3,1,1,3,4,4,0,1,4,0
1512,4,5,4,2,6,6,6,3,2,3,2
1513,4,1,0,6,6,6,6,1,2,3,1
1514,1,5,4,2,1,0,3,3,3,1,2
1515,3,0,5,5,3,5,4,0,1,4,0
1516,4,5,4,6,6,6,6,1,2,3,1
1517,4,5,4,6,6,6,6,1,2,3,1
1518,0,2,6,0,5,1,5,2,4,0,5
1519,1,6,4,2,1,3,2,3,6,1,6
1520,4,5,4,6,6,6,6,1,2,3,2
1521,4,6,4,6,6,6,6,1,2,3,1
1522,5,4,2,3,2,3,1,4,5,2,3
1523,0,2,6,0,5,1,5,2,4,0,5
1524,0,1,6,0,5,1,5,2,4,0,5
1525,4,5,4,6,6,6,6,1,2,3,2
1526,3,3,1,1,3,4,4,0,1,4,0
1527,0,2,6,0,5,1,5,2,4,0,5
1528,6,1,0,5,0,3,2,4,6,6,3
1529,1,5,4,2,1,0,3,3,3,1,2
1530,0,2,6,0,5,1,5,2,4,0,5
1531,6,1,0,5,0,3,2,4,6,6,3
1532,6,1,0,5,0,5,4,4,1,6,3
1533,5,4,2,3,2,0,3,5,3,2,4
1534,4,5,4,6,6,6,6,1,2,3,2
1535,4,5,0,6,6,6,6,1,2,3,1
1536,5,4,2,3,2,0,3,5,3,2,4
1537,0,2,6,0,5,1,5,2,4,0,5
1538,3,0,5,5,3,5,4,0,1,4,0
1539,1,5,4,2,1,6,3,3,3,1,2
1540,0,2,6,0,5,1,5,2,4,6,5
1541,0,2,6,0,5,1,5,2,4,0,5
1542,0,2,6,0,5,1,5,2,4,0,5
1543,4,6,0,6,6,6,2,1,6,3,1
1544,0,2,6,0,5,1,5,2,4,0,5
1545,4,5,4,6,6,6,6,1,2,3,1
1546,0,2,6,0,5,1,5,2,4,0,5
1547,3,0,5,5,3,5,4,0,1,4,0
1548,0,2,6,0,5,1,5,2,4,0,5
1549,1,6,4,2,1,3,2,3,6,1,6
1550,4,5,4,6,6,6,6,1,2,3,2
1551,0,2,6,0,5,1,5,2,4,0,5
1552,3,0,5,5,3,5,4,0,1,4,0
1553,5,4,2,3,2,1,1,5,5,2,4
1554,0,1,6,0,5,1,5,2,4,0,5
1555,3,0,5,5,3,5,4,0,1,4,0
1556,5,4,2,3,2,3,1,4,5,2,3
1557,0,1,0,0,5,1,5,2,4,6,5
1558,0,2,6,0,5,1,5,2,4,0,5
1559,3,0,5,5,3,5,4,0,1,4,0
1560,2,6,3,4,4,2,0,5,4,6,5
1561,1,5,4,2,1,0,3,3,3,1,2
1562,5,4,2,3,2,0,1,5,5,2,4
1563,4,1,0,6,6,6,6,1,2,3,1
1564,5,4,2,3,2,0,1,5,5,2,4
1565,1,6,4,2,1,6,2,3,6,1,1
1566,0,2,6,0,5,1,5,2,4,0,5
1567,3,0,5,5,3,5,4,0,1,4,0
1568,4,5,4,6,6,6,6,1,2,3,2
1569,3,0,5,5,3,5,4,0,1,4,0
1570,1,6,4,2,1,6,2,3,6,1,6
1571,3,0,5,5,3,5,4,0,1,4,0
1572,1,6,4,2,1,3,2,3,6,1,6
1573,4,5,4,6,6,6,6,1,2,3,1
1574,1,6,4,2,1,3,2,3,6,1,6
1575,0,2,6,0,5,1,5,2,4,0,5
1576,4,6,4,6,6,6,6,1,2,3,1
1577,0,2,6,0,5,1,5,2,4,0,5
1578,1,5,4,2,1,6,3,3,3,1,2
1579,5,4,2,3,2,1,1,5,5,2,4
1580,5,4,2,3,2,0,1,5,5,2,4
1581,0,2,6,0,5,1,5,2,4,0,5
1582,1,5,4,2,1,0,3,3,3,1,2
1583,4,5,4,6,6,6,6,1,2,3,1
1584,3,3,1,1,3,4,4,0,1,4,0
1585,4,5,4,6,6,6,6,1,2,3,1
1586,4,5,4,6,6,6,6,1,2,3,2
1587,3,0,5,5,3,5,4,0,1,4,0
1588,0,2,6,0,5,1,5,2,4,0,5
1589,0,2,6,0,5,1,5,2,4,0,5
1590,3,3,1,1,3,4,4,0,1,4,0
1591,6,1,0,5,0,5,2,4,6,6,3
1592,4,5,4,6,6,6,6,1,2,3,2
1593,3,3,1,1,3,4,4,0,1,4,0
1594,0,2,6,0,5,1,5,2,4,0,5
1595,4,5,4,6,6,6,6,1,2,3,2
1596,1,6,2,2,1,3,2,4,6,1,3
1597,6,1,0,6,0,3,2,4,6,6,1
1598,5,4,2,3,2,3,1,5,5,2,4
1599,6,1,6,0,5,1,1,5,4,6,5
1600,1,6,4,2,1,3,2,3,6,1,6
1601,5,4,2,3,2,1,1,4,5,2,3
1602,4,5,0,6,6,6,6,1,2,3,1
1603,4,5,4,6,6,6,6,1,2,3,1
1604,6,1,0,0,0,1,5,2,4,6,5
1605,1,6,2,2,1,3,2,3,6,1,3
1606,4,5,4,6,6,6,6,1,2,3,1
1607,6,1,0,3,0,3,2,4,6,6,3
1608,6,1,0,3,0,3,2,4,6,6,3
1609,3,3,1,1,3,4,4,0,1,4,0
1610,6,1,0,5,0,5,5,4,4,6,3
1611,1,6,2,2,1,3,2,4,6,1,3
1612,5,4,2,3,2,0,1,5,5,2,4
1613,6,1,5,5,0,5,4,4,1,6,3
1614,4,6,4,6,6,6,2,1,6,3,1
1615,3,0,5,5,3,5,4,0,1,4,0
1616,3,0,5,5,3,5,4,0,1,4,0
1617,1,6,4,2,1,3,2,3,6,1,6
1618,6,1,0,0,0,1,5,2,4,6,5
1619,0,2,6,0,5,1,5,2,4,0,5
1620,0,2,6,0,5,1,5,2,4,0,5
1621,4,5,4,6,6,6,6,1,2,3,1
1622,4,1,0,6,6,6,6,1,2,3,1
1623,0,2,6,0,5,1,5,2,4,0,5
1624,5,4,2,3,2,1,1,5,5,2,4
1625,0,2,6,0,5,1,5,2,4,0,5
1626,5,4,2,3,2,1,1,4,5,2,3
1627,1,6,4,2,1,3,2,3,6,1,1
1628,4,5,4,6,6,6,6,1,2,3,2
1629,3,0,5,5,3,5,4,0,1,4,0
1630,4,5,4,6,6,6,6,1,2,3,2
1631,4,5,4,6,6,6,6,1,2,3,2
1632,3,3,1,1,3,4,4,0,1,4,0
1633,0,2,6,0,5,1,5,2,4,0,5
1634,0,2,6,0,5,1,5,2,4,0,5
1635,2,4,3,4,4,2,0,6,0,5,6
1636,1,6,4,2,1,3,2,3,6,1,6
1637,3,3,1,1,3,4,4,0,1,4,0
1638,0,2,6,0,5,1,5,2,4,0,5
1639,6,1,0,6,0,3,2,1,6,6,1
1640,0,2,6,0,5,1,5,2,4,0,5
1641,0,2,6,0,5,1,5,2,4,0,5
1642,4,5,4,6,6,6,6,1,2,3,2
1643,4,5,0,6,6,6,6,1,2,3,1
1644,0,2,6,0,5,1,5,2,4,0,5
1645,5,4,2,3,2,0,1,5,5,2,4
1646,1,5,4,2,1,0,3,3,3,1,2
1647,3,3,1,1,3,4,4,0,1,4,0
1648,0,2,6,0,5,1,5,2,4,0,5
1649,4,5,4,6,6,6,6,1,2,3,1
1650,4,5,4,6,6,6,6,1,2,3,2
1651,5,4,2,3,2,1,1,5,5,2,4
1652,5,4,2,3,2,1,1,5,5,2,4
1653,4,6,0,6,6,6,6,1,2,3,1
1654,0,2,6,0,5,1,5,2,4,0,5
1655,0,2,6,0,5,1,5,2,4,0,5
1656,3,0,5,1,3,4,4,0,1,4,0
1657,4,5,4,6,6,6,6,1,2,3,2
1658,1,6,4,2,1,3,2,3,6,1,6
1659,0,2,6,0,5,1,5,2,4,0,5
1660,4,5,4,6,6,6,6,1,2,3,2
1661,4,5,4,6,6,6,6,1,2,3,2
1662,3,3,1,1,3,4,4,0,1,4,0
1663,4,5,4,6,6,6,6,1,2,3,1
1664,0,2,6,0,5,1,5,2,4,0,5
1665,4,1,0,6,6,6,6,1,2,3,1
1666,1,6,4,2,1,3,2,3,6,1,6
1667,1,6,4,2,1,3,2,3,6,1,6
1668,6,1,0,5,0,3,2,4,6,6,3
1669,4,5,4,6,6,6,6,1,2,3,1
1670,4,5,4,6,6,6,6,1,2,3,2
1671,6,1,0,3,0,3,5,4,4,6,3
1672,5,4,2,3,2,0,1,5,5,2,4
1673,1,5,4,2,1,0,3,3,3,1,2
1674,5,6,2,3,2,3,2,4,6,2,3
1675,6,1,0,0,0,1,5,4,4,6,3
1676,4,5,4,6,6,6,6,5,4,6,5
1677,6,1,0,5,0,5,4,4,1,6,3
1678,5,4,2,3,2,0,3,5,3,2,4
1679,0,2,6,0,5,1,5,2,4,0,5
1680,4,5,0,6,6,6,6,1,2,3,1
1681,4,5,4,6,6,6,6,1,2,3,1
1682,4,5,4,6,6,6,6,1,2,3,2
1683,2,4,3,4,4,2,0,6,0,5,6
1684,4,5,4,6,6,6,3,1,3,3,2
1685,6,1,0,5,0,5,5,4,4,6,3
1686,6,1,0,6,0,3,2,4,6,6,1
1687,1,5,4,2,1,0,3,3,3,1,2
1688,4,5,4,6,6,6,6,1,2,3,2
1689,0,2,6,0,5,1,5,2,4,0,5
1690,5,4,2,3,2,0,1,5,5,2,4
1691,1,5,4,2,1,6,3,3,3,1,2
1692,0,2,6,0,5,1,5,2,4,0,5
1693,0,2,6,0,5,1,5,2,4,0,5
1694,1,6,4,6,6,3,2,1,6,1,1
1695,4,1,0,6,6,6,6,1,2,3,1
1696,1,6,4,2,1,3,2,3,6,1,6
1697,0,2,6,0,5,1,5,2,4,0,5
1698,3,3,1,1,3,4,4,0,1,4,0
1699,4,5,4,6,6,6,6,1,2,3,1
1700,4,5,4,6,6,6,6,1,2,3,1
1701,0,2,6,0,5,1,5,2,4,0,5
1702,4,5,4,6,6,6,6,1,2,3,2
1703,6,1,0,5,0,5,5,4,4,6,3
1704,0,1,6,0,5,1,5,4,4,6,3
1705,5,4,2,3,2,0,1,5,5,2,4
1706,0,4,6,0,5,1,1,5,4,6,5
1707,5,6,2,3,2,3,2,4,6,2,3
1708,1,5,4,2,1,0,3,3,3,1,2
1709,0,2,6,0,5,1,5,2,4,0,5
1710,0,2,6,0,5,1,5,2,4,0,5
1711,4,5,4,6,6,6,6,1,2,3,2
1712,5,4,2,3,2,0,3,5,3,2,4
1713,5,4,2,3,2,0,3,5,3,2,4
1714,1,6,4,2,1,3,2,3,6,1,6
1715,5,4,2,3,2,1,1,5,5,2,4
1716,0,2,6,0,5,1,5,2,4,0,5
1717,1,6,4,2,1,3,2,3,6,1,6
1718,1,5,4,2,1,0,3,3,3,1,2
1719,1,5,4,2,1,0,3,3,3,1,2
1720,1,6,4,2,1,3,2,3,6,1,6
1721,3,0,5,5,3,5,4,0,1,4,0
1722,5,4,2,3,2,0,1,5,5,2,4
1723,0,2,6,0,5,1,5,2,4,0,5
1724,0,2,6,0,5,1,5,2,4,0,5
1725,4,5,4,6,6,6,6,1,2,3,2
1726,0,2,6,0,5,1,5,2,4,0,5
1727,5,4,2,3,2,0,3,5,3,2,4
1728,0,2,6,0,5,1,5,2,4,0,5
1729,3,0,5,5,3,5,4,0,1,4,0
1730,4,5,4,6,6,6,3,1,3,3,2
1731,0,2,6,0,5,1,5,2,4,0,5
1732,1,6,4,2,1,3,2,3,6,1,6
1733,0,2,6,0,5,1,5,2,4,0,5
1734,3,0,5,5,3,5,4,0,1,4,0
1735,4,5,4,6,6,6,6,1,2,3,2
1736,0,2,6,0,5,1,5,2,4,0,5
1737,0,2,6,0,5,1,5,2,4,0,5
1738,4,5,4,6,6,6,6,1,2,3,2
1739,6,1,0,6,0,3,2,4,6,6,3
1740,3,3,1,1,3,4,4,0,1,4,0
1741,0,2,6,0,5,1,5,2,4,0,5
1742,0,2,6,0,5,1,5,2,4,0,5
1743,4,5,4,6,6,6,6,1,2,3,1
1744,4,5,4,6,6,6,6,1,2,3,2
1745,0,1,0,0,5,1,5,2,4,0,5
1746,0,2,6,0,5,1,5,2,4,0,5
1747,1,5,4,2,1,6,3,3,3,1,2
1748,3,3,1,1,3,4,4,0,1,4,0
1749,5,4,2,3,2,3,2,4,6,2,3
1750,0,2,6,0,5,1,5,2,4,0,5
1751,5,2,6,3,2,1,1,5,5,2,4
1752,0,2,6,0,5,1,5,2,4,0,5
1753,0,2,6,0,5,1,6,5,4,6,5
1754,3,0,5,5,3,5,4,0,1,4,0
1755,6,6,0,6,0,3,2,4,6,6,1
1756,0,2,6,0,5,1,5,2,4,0,5
1757,3,3,1,1,3,4,4,0,1,4,0
1758,5,6,2,3,2,3,2,4,6,2,3
1759,0,2,6,0,5,1,5,2,4,0,5
1760,5,4,2,3,2,0,3,5,3,2,4
1761,4,6,4,6,6,6,6,1,2,3,1
1762,4,5,4,6,6,6,6,1,2,3,1
1763,1,6,4,2,1,3,2,3,6,1,6
1764,6,1,2,3,0,1,1,4,5,6,3
1765,0,2,6,0,5,1,5,1,5,2,4
1766,1,6,4,6,6,6,2,1,6,1,1
1767,4,6,0,6,6,6,6,1,2,3,1
1768,3,3,1,1,3,4,4,0,1,4,0
1769,4,5,4,6,6,6,6,1,2,3,1
1770,5,4,2,3,2,1,1,5,5,2,4
1771,3,3,1,1,3,4,4,0,1,4,0
1772,4,5,4,6,6,6,6,1,2,3,2
1773,4,5,4,6,6,6,6,1,2,3,2
1774,0,2,6,0,5,1,5,2,4,0,5
1775,3,3,1,1,3,4,4,0,1,4,0
1776,3,0,5,5,3,5,4,0,1,4,0
1777,1,6,4,2,1,3,2,3,6,1,6
1778,3,3,1,1,3,4,4,0,1,4,0
1779,0,2,6,0,5,1,5,2,4,0,5
1780,4,5,4,6,6,6,6,1,2,3,2
1781,5,4,2,3,2,3,2,4,6,2,3
1782,3,3,1,1,3,4,4,0,1,4,0
1783,5,4,2,3,2,1,1,5,5,2,4
1784,5,4,2,3,2,0,1,5,5,2,4
1785,5,6,2,3,2,3,2,4,6,2,3
1786,5,4,2,3,2,1,1,4,5,2,3
1787,3,0,5,5,3,5,4,0,1,4,0
1788,5,4,2,3,2,0,3,5,3,2,4
1789,0,2,6,0,5,1,5,2,4,0,5
1790,4,5,4,6,6,6,6,1,2,3,1
1791,1,5,4,2,1,0,3,3,3,1,2
1792,5,4,2,3,2,0,1,5,5,2,4
1793,1,6,4,2,1,3,2,3,6,1,6
1794,1,6,4,2,1,3,2,3,6,1,6
1795,0,2,6,0,5,1,5,2,4,0,5
1796,1,6,0,6,6,6,2,1,6,1,1
1797,0,2,6,0,5,1,5,2,4,0,5
1798,3,0,5,5,3,5,4,0,1,4,0
1799,1,6,4,2,1,3,2,3,6,1,6
1800,4,5,6,6,6,0,3,1,3,3,2
1801,6,1,0,6,0,6,6,1,4,6,1
1802,3,3,1,1,3,4,4,0,1,4,0
1803,1,6,4,2,1,3,2,3,6,1,6
1804,0,2,6,0,5,1,5,2,4,0,5
1805,0,2,6,0,5,1,5,2,4,0,5
1806,4,5,4,6,6,6,6,1,2,3,2
1807,0,2,6,0,5,1,5,2,4,0,5
1808,0,2,6,0,5,1,5,2,4,0,5
1809,1,6,4,2,1,3,2,3,6,1,6
1810,4,6,0,6,6,6,2,1,6,3,1
1811,0,2,6,0,5,1,5,2,4,0,5
1812,5,4,2,3,2,0,1,5,5,2,4
1813,6,1,0,5,0,5,4,0,1,6,0
1814,5,4,2,3,2,0,1,5,5,2,4
1815,5,4,2,3,2,3,1,4,5,2,3
1816,4,5,4,6,6,6,3,1,3,3,2
1817,0,1,0,6,5,1,5,1,4,0,1
1818,3,3,1,1,3,4,4,0,1,4,0
1819,5,4,2,3,2,1,1,5,5,2,4
1820,4,5,4,6,6,6,6,1,2,3,2
1821,4,5,4,6,6,6,6,1,2,3,1
1822,1,6,4,2,1,3,2,3,6,1,6
1823,1,5,4,2,1,0,3,3,3,1,2
1824,4,5,4,6,6,6,6,1,2,3,2
1825,4,5,0,6,6,6,6,1,2,3,1
1826,1,6,4,2,1,3,2,3,6,1,6
1827,1,6,2,2,1,3,2,3,6,1,3
1828,5,4,2,3,2,3,1,4,5,2,3
1829,1,5,4,2,1,6,3,3,3,1,2
1830,0,2,6,0,5,1,5,2,4,0,5
1831,4,5,4,6,6,6,6,1,2,3,1
1832,0,2,6,0,5,1,5,2,4,0,5
1833,5,4,2,3,2,3,1,4,5,2,3
1834,0,2,6,0,5,1,6,5,4,6,5
1835,5,4,2,3,2,3,1,4,5,2,3
1836,0,2,6,0,5,1,5,2,4,0,5
1837,5,4,2,3,2,0,1,5,5,2,4
1838,3,3,1,1,3,4,4,0,1,4,0
1839,0,2,6,0,5,1,5,2,4,0,5
1840,0,2,6,0,5,1,5,2,4,0,5
1841,0,2,6,0,5,1,6,5,4,6,5
1842,4,6,4,6,6,6,6,6,6,1,3
1843,0,2,6,0,5,1,5,2,4,0,5
1844,4,5,4,6,6,6,6,1,2,3,2
1845,4,5,4,6,6,6,3,1,3,3,2
1846,4,1,0,6,6,6,6,1,2,3,1
1847,3,0,5,5,3,5,4,0,1,4,0
1848,6,1,0,5,0,5,4,4,1,6,1
1849,5,4,2,3,2,0,3,5,3,2,4
1850,0,2,6,0,5,1,5,2,4,0,5
1851,1,6,4,2,1,6,2,3,6,1,2
1852,0,2,6,0,5,1,5,2,4,0,5
1853,4,5,4,6,6,6,6,1,2,3,2
1854,3,3,1,1,3,4,4,0,1,4,0
1855,1,5,4,2,1,6,3,3,3,1,2
1856,0,2,6,0,5,1,5,2,4,0,5
1857,1,6,4,2,1,6,2,3,6,1,1
1858,0,2,6,0,5,1,5,2,4,0,5
1859,0,1,0,0,5,1,5,2,4,6,5
1860,6,1,0,5,0,5,4,4,1,6,1
1861,1,6,4,2,1,6,6,3,2,1,2
1862,0,2,6,0,5,1,5,2,4,0,5
1863,0,2,6,0,5,1,5,2,4,0,5
1864,3,0,5,5,3,5,4,0,1,4,0
1865,6,1,0,5,0,5,2,4,6,6,3
1866,3,3,1,1,3,4,4,0,1,4,0
1867,5,4,2,3,2,0,3,5,3,2,4
1868,4,5,4,6,6,6,6,1,2,3,1
1869,3,3,1,1,3,4,4,0,1,4,0
1870,0,2,6,0,5,1,5,2,4,0,5
1871,0,2,6,0,5,1,5,2,4,0,5
1872,1,6,2,2,1,3,2,3,6,1,3
1873,0,2,6,0,5,1,5,2,4,0,5
1874,1,6,4,2,1,3,2,3,6,1,2
1875,4,5,4,6,6,6,6,1,2,3,2
1876,0,2,6,0,5,1,1,5,4,6,5
1877,6,1,0,0,0,1,5,4,4,6,3
1878,0,2,6,0,5,1,5,2,4,0,5
1879,1,6,0,6,1,3,2,1,6,1,1
1880,5,4,2,3,2,0,1,5,5,2,4
1881,1,5,4,2,1,6,3,3,3,1,2
1882,1,6,4,2,1,3,2,3,6,1,6
1883,4,5,4,6,6,6,6,1,2,3,2
1884,4,5,4,6,6,6,6,1,2,3,1
1885,6,1,0,5,0,5,5,4,4,6,3
1886,1,6,4,2,1,6,2,3,6,1,1
1887,5,4,2,3,2,0,3,5,3,2,4
1888,5,4,2,3,2,0,1,5,5,2,4
1889,3,0,5,5,3,5,4,0,1,4,0
1890,0,1,6,0,5,1,5,2,4,0,5
1891,0,2,6,0,5,1,5,2,4,0,5
1892,0,2,6,0,5,1,5,2,4,0,5
1893,4,5,4,6,6,6,6,1,2,3,1
1894,4,5,4,6,6,6,6,1,2,3,2
1895,0,2,6,0,5,1,5,2,4,0,5
1896,0,4,6,3,2,3,5,1,5,2,4
1897,4,6,0,6,6,6,6,1,2,3,1
1898,3,0,5,5,3,5,4,0,1,4,0
1899,3,0,5,5,3,5,4,0,1,4,0
1900,3,3,1,1,3,4,4,0,1,4,0
1901,1,6,2,2,1,3,2,4,6,1,3
1902,1,6,4,2,1,3,2,3,6,1,6
1903,4,6,4,6,6,6,6,1,2,3,1
1904,0,2,6,0,5,1,5,2,4,0,5
1905,1,6,2,2,1,3,2,4,6,1,3
1906,1,6,2,2,1,3,2,4,6,1,3
1907,0,2,6,0,5,1,5,2,4,0,5
1908,5,4,2,3,2,0,3,5,3,2,4
1909,1,6,2,2,1,3,2,3,6,1,3
1910,5,4,2,3,2,1,1,5,5,2,4
1911,3,0,5,5,3,5,4,0,1,4,0
1912,5,4,2,3,2,3,1,4,5,2,3
1913,0,2,6,0,5,1,5,2,4,0,5
1914,1,5,4,2,1,0,3,3,3,1,2
1915,3,3,1,1,3,4,4,0,1,4,0
1916,5,4,2,3,2,0,1,5,5,2,4
1917,1,6,4,2,1,3,2,3,6,1,6
1918,6,1,0,0,0,1,5,4,4,6,3
1919,0,2,6,0,5,1,5,2,4,0,5
1920,1,5,4,2,1,0,3,3,3,1,2
1921,1,6,4,2,1,6,2,3,6,1,1
1922,5,4,2,3,2,0,3,5,3,2,4
1923,1,6,4,2,1,3,2,3,6,1,6
1924,3,0,5,1,3,4,4,0,1,4,0
1925,0,2,6,0,5,1,5,2,4,0,5
1926,1,6,4,2,1,3,2,3,6,1,1
1927,1,6,4,6,6,6,2,3,6,1,1
1928,1,6,4,2,1,3,2,3,6,1,6
1929,0,2,6,0,5,1,5,2,4,0,5
1930,3,3,1,1,3,4,4,0,1,4,0
1931,4,1,0,6,6,1,5,1,4,3,1
1932,4,5,4,6,6,6,6,1,2,3,1
1933,0,2,6,0,5,1,5,2,4,0,5
1934,5,4,2,3,2,0,3,5,3,2,4
1935,5,6,2,3,2,3,2,4,6,2,3
1936,4,6,4,6,6,6,2,1,6,3,1
1937,1,6,4,2,1,6,2,3,6,1,1
1938,0,2,6,0,5,1,5,2,4,0,5
1939,2,4,3,4,4,2,0,6,0,5,6
1940,0,2,6,0,5,1,5,2,4,0,5
1941,6,1,0,0,0,1,5,4,4,6,3
1942,5,4,2,3,2,0,1,5,5,2,4
1943,3,0,5,5,3,5,4,0,1,4,0
1944,1,5,4,2,1,6,3,3,3,1,2
1945,4,1,0,6,6,6,6,1,2,3,1
1946,4,5,4,6,6,6,6,1,2,3,2
1947,3,0,5,5,3,5,4,0,1,4,0
1948,4,5,4,6,6,6,6,1,2,3,2
1949,4,6,4,6,6,6,6,1,2,3,1
1950,4,5,4,6,6,6,3,1,3,3,6
1951,5,4,2,3,2,0,1,5,5,2,4
1952,5,4,2,3,2,1,1,5,5,2,4
1953,1,6,4,2,1,6,2,3,6,1,1
1954,6,1,0,6,0,3,2,4,6,6,3
1955,5,4,2,3,2,0,1,5,5,2,4
1956,3,3,1,1,3,4,4,0,1,4,0
1957,4,5,4,6,6,6,6,1,2,3,1
1958,0,2,6,0,5,1,5,2,4,0,5
1959,0,2,6,0,5,1,5,2,4,0,5
1960,5,4,2,3,2,0,3,5,3,2,4
1961,1,5,4,2,1,0,3,3,3,1,2
1962,4,6,4,6,6,6,6,1,2,3,1
1963,3,0,5,5,3,5,4,0,1,4,0
1964,3,3,1,1,3,4,4,0,1,4,0
1965,4,5,4,6,6,6,6,1,2,3,1
1966,4,5,4,6,6,6,6,1,2,3,2
1967,0,2,6,0,5,1,5,2,4,0,5
1968,5,4,2,3,2,0,1,5,5,2,4
1969,5,4,2,3,2,0,1,5,5,2,4
1970,1,5,4,2,1,6,3,3,3,1,2
1971,1,6,4,2,1,3,2,3,6,1,6
1972,4,5,4,6,6,6,6,1,2,3,2
1973,0,2,6,0,5,1,5,2,4,0,5
1974,4,6,0,6,6,6,2,1,6,3,1
1975,5,4,2,3,2,1,1,4,5,2,3
1976,0,2,6,0,5,1,5,2,4,0,5
1977,0,2,6,0,5,1,5,2,4,0,5
1978,3,0,5,5,3,5,4,0,1,4,0
1979,0,2,0,0,2,3,5,1,2,2,2
1980,5,4,2,3,2,0,1,5,5,2,4
1981,1,6,4,6,6,6,2,1,6,1,1
1982,6,1,0,6,0,6,6,1,2,6,1
1983,1,6,4,2,1,3,2,3,6,1,6
1984,3,3,1,1,3,4,4,0,1,4,0
1985,4,1,0,6,6,6,6,1,2,3,1
1986,2,4,3,4,4,2,0,6,0,5,6
1987,3,3,1,1,3,4,4,0,1,4,0
1988,5,4,2,3,2,1,1,5,5,2,4
1989,0,2,6,0,5,1,5,2,4,0,5
1990,1,5,4,2,1,6,3,3,3,1,2
1991,5,4,2,3,2,0,1,5,5,2,4
1992,5,4,2,3,2,0,1,5,5,2,4
1993,3,0,5,5,3,5,4,0,1,4,0
1994,6,1,0,3,0,3,2,4,6,6,3
1995,4,1,0,6,6,6,6,1,2,3,1
1996,0,2,6,0,5,1,5,2,4,0,5
1997,6,1,0,5,0,5,5,4,4,6,3
1998,3,0,5,5,3,5,4,0,1,4,0
1999,0,2,6,0,5,1,5,2,4,0,5
2000,4,5,4,6,6,6,6,1,2,3,1
2001,1,6,4,2,1,6,2,3,6,1,1
2002,5,4,2,3,2,0,3,5,3,2,4
2003,3,0,5,5,3,5,4,0,1,4,0
2004,1,6,2,2,1,3,2,4,6,1,3
2005,4,5,4,6,6,6,6,1,2,3,2
2006,1,5,4,2,1,6,3,3,3,1,2
2007,1,6,4,2,1,3,2,3,6,1,6
2008,5,4,2,3,2,0,1,5,5,2,4
2009,0,2,6,0,5,1,5,2,4,0,5
2010,3,0,5,5,3,5,4,0,1,4,0
2011,5,4,2,3,2,0,1,5,5,2,4
2012,4,5,4,6,6,6,6,1,2,3,2
2013,6,1,0,5,0,5,5,4,4,6,3
2014,6,1,0,3,0,3,2,4,6,6,3
2015,0,2,6,0,5,1,5,2,4,0,5
2016,0,2,6,0,5,1,5,2,4,0,5
2017,0,2,6,0,5,1,5,2,4,0,5
2018,5,4,2,3,2,0,1,5,5,2,4
2019,0,2,6,0,5,1,4,4,6,1,3
2020,5,4,2,3,2,1,1,5,5,2,4
2021,1,6,4,2,1,6,2,3,6,1,1
2022,3,0,5,5,3,5,4,0,1,4,0
2023,0,2,6,0,5,1,5,2,4,0,5
2024,0,2,6,0,5,1,5,2,4,0,5
2025,3,3,1,1,3,4,4,0,1,4,0
2026,0,1,0,6,6,1,5,1,4,3,1
2027,0,2,6,0,5,1,5,2,4,0,5
2028,3,0,5,5,3,5,4,0,1,4,0
2029,0,2,6,0,5,1,5,2,4,0,5
2030,3,3,1,1,3,4,4,0,1,4,0
2031,5,4,2,3,2,1,1,4,5,2,3
2032,5,4,2,3,2,3,1,4,5,2,3
2033,3,3,1,1,3,4,4,0,1,4,0
2034,4,5,4,6,6,6,6,1,2,3,2
2035,0,2,6,6,6,1,5,1,4,6,5
2036,0,2,6,0,5,1,5,4,4,0,3
2037,4,5,4,6,6,6,6,1,2,3,1
2038,0,2,6,0,5,1,5,2,4,0,5
2039,5,4,2,3,2,1,1,4,5,2,3
2040,6,1,0,3,0,3,2,4,6,6,3
2041,0,2,6,0,5,1,5,2,4,0,5
2042,4,5,4,6,6,6,6,1,2,3,1
2043,4,5,4,6,6,6,6,1,2,3,1
2044,4,6,4,6,6,6,6,1,2,3,1
2045,3,0,5,5,3,5,4,0,1,4,0
2046,0,2,6,0,5,1,5,2,4,0,5
2047,4,5,4,6,6,6,6,1,2,3,1
2048,0,2,6,0,5,1,5,2,4,0,5
2049,0,2,6,0,5,1,5,2,4,0,5
2050,3,0,5,5,3,5,4,0,1,4,0
2051,1,6,2,2,1,3,2,3,6,1,3
2052,5,6,2,3,2,3,2,4,6,2,3
2053,0,2,6,0,5,1,5,2,4,0,5
2054,1,6,4,2,1,3,2,3,6,1,6
2055,5,4,2,3,2,1,1,5,5,2,4
2056,4,5,0,6,6,6,6,1,2,3,1
2057,5,4,2,3,2,0,1,5,5,2,4
2058,4,5,4,6,6,6,6,1,2,3,2
2059,4,5,0,6,6,6,6,1,2,3,1
2060,5,4,2,3,2,1,1,2,5,2,5
2061,6,1,0,5,0,5,5,4,4,6,3
2062,0,1,0,0,5,1,5,2,4,0,5
2063,1,6,4,2,1,3,2,3,6,1,6
2064,5,4,2,3,2,1,1,5,5,2,4
2065,4,1,0,6,6,6,6,1,2,3,1
2066,5,4,2,3,2,3,1,4,5,2,3
2067,0,2,6,0,5,1,5,2,4,0,5
2068,0,2,6,0,5,1,5,2,4,0,5
2069,6,1,0,3,0,3,1,4,5,6,3
2070,0,2,6,0,5,1,5,2,4,0,5
2071,4,5,4,6,6,6,3,1,3,3,6
2072,4,5,4,6,6,6,6,1,2,3,2
2073,0,2,6,0,5,1,5,2,4,0,5
2074,0,2,6,0,5,1,5,2,4,0,5
2075,0,2,6,0,5,1,5,2,4,0,5
2076,3,3,1,1,3,4,4,0,1,4,0
2077,4,6,4,6,6,6,2,1,6,3,1
2078,5,4,2,3,2,0,3,5,3,2,4
2079,4,5,4,6,6,6,6,1,2,3,1
2080,5,4,2,3,2,1,1,4,5,2,3
2081,0,2,6,0,5,1,5,2,4,0,5
2082,3,0,5,5,3,5,4,0,1,4,0
2083,1,6,4,2,1,3,2,3,6,1,6
2084,3,0,5,1,3,4,4,0,1,4,0
2085,5,6,2,3,2,3,2,4,6,2,3
2086,0,2,6,0,5,1,5,2,4,0,5
2087,3,0,5,5,3,5,4,0,1,4,0
2088,0,2,6,0,5,1,5,2,4,0,5
2089,3,3,1,1,3,4,4,0,1,4,0
2090,1,5,4,2,1,0,3,3,3,1,2
2091,4,5,0,6,6,6,6,1,2,3,1
2092,4,5,4,6,6,6,6,1,2,3,2
2093,3,3,1,1,3,4,4,0,1,4,0
2094,3,0,5,5,3,5,4,0,1,4,0
2095,3,3,1,1,3,4,4,0,1,4,0
2096,1,6,4,2,1,6,2,3,6,1,1
2097,6,1,0,5,0,5,5,4,4,6,3
2098,6,1,0,3,0,1,1,4,5,6,3
2099,0,1,0,0,5,1,5,2,4,0,5
2100,0,2,6,0,5,1,5,2,4,0,5
2101,6,1,0,0,0,1,5,4,4,6,5
2102,5,4,2,3,2,0,3,5,5,2,4
2103,1,6,2,2,1,3,2,3,6,1,3
2104,3,0,5,5,3,5,4,0,1,4,0
2105,1,6,4,2,1,3,2,3,6,1,6
2106,5,4,2,3,2,3,1,4,5,2,3
2107,4,5,4,6,6,6,6,1,2,3,2
2108,1,5,4,2,1,6,3,3,3,1,2
2109,0,2,6,0,5,1,5,2,4,0,5
2110,5,4,2,3,2,0,1,5,5,2,4
2111,1,6,2,2,1,3,2,3,6,1,3
2112,1,5,4,2,1,6,3,3,3,1,2
2113,1,5,4,2,1,6,3,3,3,1,2
2114,5,4,2,3,2,0,3,5,3,2,4
2115,3,3,1,1,3,4,4,0,1,4,0
2116,4,6,0,6,6,6,2,1,6,3,1
2117,1,6,4,2,1,6,2,3,6,1,6
2118,0,2,6,0,5,1,5,2,4,0,5
2119,0,2,6,0,5,1,5,2,4,0,5
2120,5,4,2,3,2,3,1,4,5,2,3
2121,0,2,6,0,5,1,5,2,4,0,5
2122,1,6,4,2,1,3,2,3,6,1,6
2123,0,2,6,0,5,1,5,2,4,0,5
2124,0,2,6,0,5,1,5,2,4,0,5
2125,1,5,4,2,1,0,3,5,3,1,2
2126,0,2,6,0,5,1,5,2,4,0,5
2127,4,5,4,6,6,6,6,1,2,3,2
2128,1,6,2,2,1,3,2,3,6,1,3
2129,1,6,4,2,1,3,2,3,6,1,2
2130,0,2,6,0,5,1,5,2,4,0,5
2131,5,4,2,3,2,1,1,4,5,2,3
2132,0,2,6,0,5,1,5,2,4,0,5
2133,4,5,4,6,6,6,6,1,2,3,1
2134,4,1,0,6,6,6,6,1,2,3,1
2135,6,1,0,5,0,5,4,4,1,6,3
2136,3,3,1,1,3,4,4,0,1,4,0
2137,0,2,6,0,5,1,5,2,4,0,5
2138,5,4,2,3,2,0,3,5,3,2,4
2139,4,5,4,6,6,6,6,1,2,3,1
2140,3,3,1,1,3,4,4,0,1,4,0
2141,6,1,2,3,0,1,1,4,5,6,3
2142,1,6,4,2,1,3,2,3,6,1,6
2143,3,0,5,5,3,5,4,0,1,4,0
2144,4,5,0,6,6,6,6,1,2,3,1
2145,0,2,6,0,5,1,5,2,4,0,5
2146,4,5,4,6,6,6,6,1,2,3,2
2147,0,2,6,0,5,1,5,2,4,0,5
2148,3,0,5,5,3,5,4,0,1,4,0
2149,1,6,2,2,1,3,2,4,6,1,3
2150,3,0,5,1,3,4,4,0,1,4,0
2151,1,6,4,2,1,6,2,3,6,1,1
2152,3,3,1,1,3,4,4,0,1,4,0
2153,4,5,0,6,6,6,6,1,2,3,1
2154,4,5,4,6,6,6,6,1,2,3,2
2155,0,2,6,0,5,1,5,2,4,0,5
2156,3,0,5,5,3,5,4,0,1,4,0
2157,0,2,6,0,5,1,5,2,4,0,5
2158,5,4,2,3,2,1,1,5,5,2,4
2159,1,5,4,2,1,0,3,3,3,1,2
2160,4,5,4,6,6,0,3,1,3,3,2
2161,6,1,0,0,0,1,5,2,4,6,5
2162,5,4,2,3,2,3,1,4,5,2,3
2163,0,2,6,0,5,1,5,2,4,0,5
2164,5,4,2,3,2,0,1,5,5,2,4
2165,3,3,1,1,3,4,4,0,1,4,0
2166,4,5,4,6,6,6,6,1,2,3,2
2167,6,1,5,5,0,5,4,4,1,6,3
2168,3,3,1,1,3,4,4,0,1,4,0
2169,4,5,6,6,6,6,6,1,2,3,5
2170,3,0,5,5,3,5,4,0,1,4,0
2171,4,5,4,6,6,6,6,1,2,3,2
2172,3,0,5,5,3,5,4,0,1,4,0
2173,1,6,4,2,1,3,2,3,6,1,6
2174,3,0,5,5,3,5,4,0,1,4,0
2175,4,6,0,6,6,6,6,1,2,3,1
2176,0,5,6,0,5,0,3,2,3,0,2
2177,0,2,6,0,5,1,5,2,4,0,5
2178,5,4,2,3,2,3,1,4,5,2,3
2179,4,5,4,6,6,6,6,1,2,3,1
2180,1,5,4,2,1,0,3,3,3,1,2
2181,3,3,1,1,3,4,4,0,1,4,0
2182,3,3,1,1,3,4,4,0,1,4,0
2183,0,2,6,0,5,1,5,2,4,0,5
2184,4,5,6,6,6,6,6,1,2,3,2
2185,0,2,6,0,5,1,5,2,4,0,5
2186,6,1,0,5,0,1,5,4,4,6,3
2187,0,2,6,0,5,1,5,2,4,0,5
2188,6,1,0,5,0,5,5,4,4,6,3
2189,5,4,2,3,2,3,1,4,5,2,3
2190,4,1,0,6,6,6,6,1,2,3,1
2191,4,6,4,6,6,6,2,1,6,3,1
2192,0,2,6,0,5,1,5,2,4,0,5
2193,5,4,2,3,2,3,1,4,5,2,3
2194,5,4,2,3,2,0,3,5,3,2,4
2195,3,0,5,5,3,5,4,0,1,4,0
2196,5,4,2,3,2,0,1,5,5,2,4
2197,1,5,4,2,1,0,3,3,3,1,2
2198,0,2,6,0,5,1,5,2,4,0,5
2199,6,1,2,3,0,1,1,4,5,6,3
2200,4,5,0,6,6,6,6,1,2,3,1
2201,4,5,4,6,6,6,6,1,2,3,2
2202,1,6,4,2,1,6,2,3,6,1,6
2203,4,1,0,6,6,6,6,1,2,3,1
2204,1,5,4,2,1,0,3,3,3,1,2
2205,5,4,2,3,2,0,1,5,5,2,4
2206,5,4,2,3,2,1,1,5,5,2,4
2207,0,2,6,0,5,1,5,2,4,0,5
2208,6,1,0,6,6,6,6,1,2,6,1
2209,3,0,5,5,3,5,4,0,1,4,0
2210,1,6,4,2,1,6,2,3,6,1,6
2211,0,2,6,0,5,1,5,2,4,0,5
2212,5,4,2,3,2,3,1,4,5,2,3
2213,0,2,6,0,5,1,5,2,4,0,5
2214,3,0,5,5,3,5,4,0,1,4,0
2215,3,3,1,1,3,4,4,0,1,4,0
2216,5,5,2,3,2,0,3,5,3,2,2
2217,0,2,6,0,5,1,5,2,4,6,5
2218,4,5,4,6,6,6,6,1,2,3,1
2219,6,1,0,5,0,5,5,4,4,6,3
2220,4,5,4,6,6,6,3,1,3,3,2
2221,1,5,4,2,1,6,3,3,3,1,2
2222,1,6,4,6,6,6,2,1,6,1,6
2223,0,2,0,0,5,1,5,2,4,0,5
2224,0,2,4,3,2,3,5,1,5,2,4
2225,0,2,6,0,5,1,5,2,4,0,5
2226,6,1,0,0,0,5,4,4,6,1,3
2227,3,3,1,1,3,4,4,0,1,4,0
2228,4,5,4,6,6,6,6,1,2,3,1
2229,4,5,4,6,6,6,6,1,2,3,2
2230,4,6,0,6,6,6,2,1,6,3,1
2231,0,2,6,0,5,1,5,2,4,0,5
2232,0,2,6,0,5,1,5,2,4,0,5
2233,4,5,4,6,6,6,6,1,2,3,1
2234,4,5,6,6,6,0,3,1,3,3,2
2235,5,4,2,3,2,0,1,5,5,2,4
2236,5,4,2,3,2,0,1,5,5,2,4
2237,0,2,6,0,5,1,5,2,4,0,5
2238,5,4,2,3,2,3,1,4,5,2,3
2239,0,2,6,0,5,1,5,2,4,0,5
2240,6,1,0,5,0,5,4,4,1,6,3
2241,5,4,2,3,2,0,1,5,5,2,4
2242,6,1,0,6,0,3,2,4,6,6,3
2243,6,1,0,3,0,3,2,4,6,6,3
2244,4,6,0,6,6,6,6,1,2,3,1
2245,0,2,6,0,5,1,5,2,4,0,5
2246,5,4,2,3,2,1,1,5,5,2,4
2247,4,5,4,6,6,6,6,1,2,3,2
2248,4,5,4,6,6,6,6,1,2,3,1
2249,5,4,2,3,2,1,1,5,5,2,4
2250,1,6,4,2,1,3,2,3,6,1,6
2251,3,3,1,1,3,4,4,0,1,4,0
2252,3,0,5,5,3,5,4,0,1,4,0
2253,6,1,2,3,0,1,1,4,5,6,3
2254,4,5,4,6,6,6,6,1,2,3,2
2255,5,4,2,3,2,1,1,4,5,2,3
2256,5,6,2,3,2,3,2,4,6,2,3
2257,3,0,5,5,3,5,4,0,1,4,0
2258,1,6,4,2,1,3,2,3,6,1,6
2259,1,6,2,2,1,3,2,3,6,1,3
2260,3,0,5,5,3,5,4,0,1,4,0
2261,3,3,1,1,3,4,4,0,1,4,0
2262,0,2,6,0,5,1,5,2,4,0,5
2263,1,5,4,2,1,6,3,3,3,1,2
2264,4,5,4,6,6,6,3,1,3,3,2
2265,1,5,4,2,1,6,3,3,3,1,2
2266,4,5,4,6,6,6,3,1,3,3,2
2267,1,6,4,2,1,3,2,3,6,1,6
2268,0,2,6,0,5,1,5,2,4,0,5
2269,0,2,6,0,5,1,5,2,4,0,5
2270,0,2,6,0,5,1,5,2,4,0,5
2271,0,2,6,0,5,1,5,2,4,0,5
2272,0,2,6,0,5,1,5,2,4,0,5
2273,0,2,6,0,5,1,5,2,4,0,5
2274,3,3,1,1,3,4,4,0,1,4,0
2275,1,6,4,2,1,3,2,3,6,1,1
2276,0,2,6,0,5,1,5,2,4,0,5
2277,5,4,2,3,2,1,1,5,5,2,4
2278,4,5,4,6,6,6,6,1,2,3,1
2279,0,2,6,0,5,1,5,2,4,0,5
2280,4,5,4,6,6,6,6,1,2,3,2
2281,4,5,4,6,6,6,6,1,2,3,1
2282,1,6,4,2,1,3,2,3,6,1,6
2283,4,5,4,6,6,6,6,1,2,3,1
2284,5,4,2,3,2,3,2,4,6,2,3
2285,6,1,0,5,0,3,2,4,6,6,3
2286,4,5,4,6,6,6,6,1,2,3,2
2287,1,6,4,2,1,3,2,3,6,1,6
2288,6,1,0,6,0,6,6,1,2,6,1
2289,0,2,6,0,5,1,5,2,4,0,5
2290,3,0,5,5,3,5,4,0,1,4,0
2291,4,5,4,6,6,6,3,1,3,3,2
2292,1,6,4,2,1,3,2,3,6,1,6
2293,6,1,0,6,0,6,6,1,2,6,1
2294,0,2,6,0,5,1,5,2,4,0,5
2295,3,0,5,1,3,4,4,0,1,4,0
2296,0,2,6,0,5,1,5,2,4,0,5
2297,0,2,6,0,5,1,5,2,4,0,5
2298,3,0,5,1,3,4,4,0,1,4,0
2299,0,2,6,0,5,1,5,2,4,0,5
2300,0,2,6,0,5,1,5,2,4,0,5
2301,4,5,4,6,6,6,6,1,2,3,1
2302,1,6,4,2,1,3,2,3,6,1,6
2303,1,6,4,2,1,3,2,3,6,1,6
2304,0,2,6,0,5,1,5,2,4,0,5
2305,0,2,6,0,5,1,5,2,4,0,5
2306,3,3,1,1,3,4,4,0,1,4,0
2307,6,1,0,5,0,5,5,4,4,6,3
2308,0,2,6,0,5,1,5,2,4,0,5
2309,0,2,6,0,5,1,5,2,4,0,5
