,87
0,15.962761163711548
