,0,1,2,3,4,5,6,7,8,9,10
0,2,8,0,1,2,9,3,2,9,1,0
1,9,3,3,2,5,2,9,4,5,1,2
2,2,7,0,1,2,9,3,2,9,1,0
3,0,8,8,7,1,5,8,8,1,0,9
4,1,1,5,9,3,1,2,3,6,2,7
5,7,6,8,7,9,5,7,6,1,8,9
6,1,1,5,9,3,1,2,3,2,2,7
7,5,6,7,6,1,5,5,8,1,0,9
8,0,5,6,0,8,4,8,7,6,7,3
9,3,6,9,3,7,0,7,9,4,0,4
10,3,6,9,7,7,0,7,9,1,0,9
11,3,6,9,3,7,0,7,9,4,0,4
12,3,9,9,3,6,3,7,3,2,7,4
13,1,5,6,0,8,4,2,7,6,7,3
14,2,7,0,1,2,9,3,2,9,4,0
15,0,6,8,7,1,5,7,8,1,0,9
16,5,4,7,6,7,0,5,8,8,0,9
17,0,8,8,1,1,5,8,8,9,1,0
18,0,6,8,7,1,5,7,8,1,0,9
19,2,8,0,1,2,9,3,2,9,1,0
20,0,6,8,7,1,5,7,8,1,0,9
21,0,6,8,7,1,5,7,8,1,0,9
22,6,7,2,4,4,8,4,0,7,4,1
23,9,3,3,7,1,2,9,4,1,0,8
24,9,8,8,7,1,2,9,4,1,1,8
25,1,1,6,0,8,4,2,7,6,2,3
26,0,8,8,7,1,5,8,8,1,1,9
27,0,8,8,7,1,5,8,8,1,0,9
28,2,7,0,1,2,9,3,2,9,1,0
29,6,0,2,4,4,8,4,0,7,9,1
30,2,8,0,1,2,9,3,2,9,1,0
31,1,1,5,9,3,1,2,3,2,2,7
32,5,2,7,6,0,6,5,4,8,5,6
33,1,5,6,0,6,3,2,7,6,7,6
34,6,0,2,4,4,8,4,0,7,9,1
35,6,0,2,4,4,8,4,0,7,9,1
36,6,7,2,4,4,8,3,0,7,4,1
37,3,6,9,7,1,0,7,4,1,0,8
38,1,5,6,0,8,4,2,7,6,7,3
39,0,5,6,0,8,4,8,7,6,7,3
40,6,0,2,4,4,8,4,0,7,9,1
41,6,0,2,4,4,8,4,0,7,9,1
42,6,7,2,4,4,8,3,0,7,4,1
43,8,3,3,8,5,7,0,5,0,6,5
44,3,6,9,3,7,0,1,9,4,3,4
45,5,6,7,6,8,5,5,8,8,3,6
46,6,0,2,4,4,8,4,0,7,9,1
47,0,6,8,7,6,5,8,8,1,0,9
48,2,7,0,1,2,9,3,2,9,4,0
49,8,4,1,8,7,7,0,5,0,3,5
50,0,6,8,7,1,5,7,8,1,0,9
51,4,2,4,5,0,6,6,1,3,5,6
52,1,5,6,0,6,3,2,7,6,7,6
53,0,8,8,7,1,5,8,8,1,0,9
54,2,8,0,1,2,9,3,2,9,1,0
55,2,8,0,1,2,9,3,2,9,1,0
56,2,8,0,1,2,9,3,2,9,1,0
57,0,5,6,0,6,5,8,7,6,7,3
58,9,6,9,7,1,2,7,4,1,0,8
59,1,1,5,9,3,1,2,3,2,2,7
60,1,9,6,7,3,4,2,7,6,2,7
61,3,4,9,3,7,0,1,9,4,3,4
62,5,2,7,6,0,6,5,1,8,5,6
63,3,6,8,7,1,0,7,4,1,0,8
64,0,8,8,1,2,5,8,8,9,1,0
65,2,8,0,1,2,5,8,2,9,1,0
66,3,6,9,3,7,0,7,4,4,0,8
67,9,8,8,7,1,2,8,4,1,1,8
68,0,6,8,7,1,5,7,8,1,0,9
69,6,0,2,4,4,8,4,0,7,9,1
70,0,6,8,7,1,5,8,8,1,0,9
71,2,8,0,1,2,9,8,2,9,1,0
72,1,1,5,9,3,1,2,3,2,2,7
73,1,1,5,9,3,1,2,3,2,2,7
74,0,6,8,7,1,5,7,8,1,0,9
75,1,1,8,7,3,4,2,7,6,2,7
76,1,5,6,0,8,4,2,7,6,7,3
77,1,1,5,9,8,4,2,3,2,2,7
78,1,5,6,0,3,4,2,7,6,2,7
79,1,1,6,0,8,4,2,7,6,2,3
80,1,5,6,0,8,4,2,7,6,7,3
81,1,5,6,0,8,4,2,7,6,7,3
82,1,1,5,9,3,1,2,3,2,2,7
83,1,5,6,0,8,4,8,7,6,7,3
84,7,0,2,4,9,4,3,6,6,8,3
85,8,3,1,8,5,7,0,5,0,6,5
86,8,4,1,8,5,7,0,5,0,6,5
87,6,7,2,4,4,8,4,0,7,4,1
88,5,5,7,6,1,5,5,8,8,7,9
89,1,5,6,0,6,3,7,3,2,7,3
90,1,9,6,0,6,3,7,3,2,7,3
91,0,6,8,7,1,5,7,8,1,0,9
92,3,6,9,7,1,0,7,9,1,0,8
93,5,2,7,6,0,6,6,1,3,5,6
94,9,3,3,2,2,2,9,4,5,1,2
95,8,3,1,8,5,7,0,5,0,6,5
96,6,0,2,4,4,8,4,0,7,9,1
97,6,7,2,4,4,8,4,0,7,4,2
98,6,0,2,4,4,8,4,0,7,9,1
99,2,8,0,1,2,9,3,2,9,1,0
100,8,3,3,8,5,7,0,5,0,6,5
101,8,4,1,8,5,7,0,5,0,6,5
102,1,5,6,0,8,4,2,7,6,7,3
103,5,2,7,6,0,6,1,1,8,5,4
104,0,6,8,7,1,5,7,8,1,0,9
105,9,3,3,2,5,7,9,5,5,6,2
106,3,6,9,3,7,0,7,9,4,0,4
107,9,3,3,2,5,2,9,4,5,6,8
108,2,7,0,1,2,9,3,2,9,4,0
109,9,3,3,2,5,2,9,4,5,6,8
110,7,5,6,0,9,3,2,6,6,8,3
111,8,3,3,8,5,7,0,5,0,6,5
112,5,2,7,5,0,6,6,1,3,5,6
113,1,5,6,0,6,3,2,7,6,7,3
114,4,2,4,5,0,6,6,1,3,5,6
115,1,1,5,9,3,1,2,3,2,2,7
116,1,5,6,0,8,4,2,7,6,7,3
117,1,5,6,0,8,4,2,7,6,7,3
118,9,3,3,2,5,2,7,4,5,6,8
119,0,6,8,7,1,5,7,8,1,0,9
120,2,7,0,4,4,9,3,2,7,4,2
121,1,5,6,0,8,4,2,7,6,7,3
122,6,5,6,0,8,4,2,7,6,7,3
123,1,5,6,0,8,4,2,7,6,7,3
124,2,7,0,1,5,7,3,5,9,4,2
125,2,8,0,1,2,9,3,2,9,1,0
126,3,6,9,3,7,0,7,9,4,3,4
127,1,1,5,9,8,4,2,3,2,2,7
128,0,8,8,7,1,5,8,8,1,1,0
129,1,9,6,0,6,3,2,3,2,7,3
130,9,8,3,2,2,2,9,4,5,1,0
131,9,3,3,2,5,2,9,4,5,7,2
132,0,8,8,1,1,5,8,8,9,1,0
133,1,5,6,0,8,4,2,7,6,7,3
134,9,3,3,2,5,2,9,4,5,6,8
135,9,3,3,2,5,2,9,4,5,6,8
136,4,2,4,5,0,6,6,1,3,5,6
137,9,8,8,7,1,2,9,4,5,1,8
138,3,4,9,3,7,0,1,9,4,3,4
139,3,6,9,7,6,3,7,9,1,0,9
140,3,6,9,7,1,2,7,4,1,0,8
141,1,5,6,0,8,4,2,7,6,7,3
142,2,8,0,1,2,9,3,2,9,1,0
143,8,3,1,8,5,7,0,5,0,6,5
144,9,3,3,2,1,2,9,4,5,1,8
145,5,2,7,6,0,6,6,1,3,5,6
146,0,8,8,1,2,5,8,8,9,1,0
147,9,3,3,2,5,2,9,4,5,6,8
148,4,2,4,5,0,6,6,1,3,5,6
149,0,6,8,7,1,5,8,8,1,0,9
150,0,8,8,1,2,5,8,8,9,1,0
151,5,2,7,6,0,6,5,1,8,5,6
152,5,4,7,6,6,3,5,1,8,5,4
153,5,6,7,6,1,5,5,8,8,0,9
154,9,3,3,2,5,2,9,4,5,6,2
155,3,4,9,3,7,0,7,9,4,3,4
156,3,6,8,7,1,0,7,8,1,0,8
157,1,1,5,9,3,1,2,3,2,2,7
158,0,6,8,7,1,5,8,8,1,0,9
159,6,7,2,4,8,4,4,0,7,4,1
160,3,6,9,3,7,0,7,9,4,0,4
161,3,6,9,3,7,0,7,9,4,0,4
162,0,8,8,7,1,5,8,8,1,1,9
163,5,2,7,6,0,6,5,1,8,5,6
164,0,8,8,1,2,5,8,8,9,1,0
165,8,4,1,8,5,7,0,5,0,6,5
166,8,4,1,8,5,7,0,5,0,6,5
167,8,3,1,8,5,7,0,5,0,6,5
168,5,2,7,6,0,6,5,1,8,5,6
169,8,4,1,8,5,7,0,5,0,6,5
170,3,4,9,3,7,0,1,9,4,3,4
171,9,3,3,2,2,2,9,4,5,1,2
172,0,8,0,1,2,5,8,8,9,1,0
173,3,4,9,3,7,0,1,9,4,3,4
174,1,5,6,0,8,4,2,7,6,7,2
175,7,6,1,7,9,3,7,6,6,8,3
176,3,9,9,3,7,0,1,9,4,3,4
177,0,9,6,3,6,3,1,9,6,7,4
178,3,6,9,3,7,0,7,9,4,3,4
179,1,1,5,9,3,1,2,3,2,2,7
180,3,6,9,3,7,0,1,9,4,3,4
181,0,6,8,7,1,5,7,8,1,0,9
182,0,6,8,7,1,5,8,8,1,0,9
183,1,1,5,9,8,4,2,3,2,2,7
184,9,8,3,2,2,2,9,4,5,1,2
185,9,3,3,2,5,2,9,4,5,6,8
186,9,3,3,2,5,2,9,4,5,6,8
187,3,4,9,3,7,0,7,9,4,3,4
188,0,8,0,1,2,5,8,8,9,1,0
189,3,4,9,7,7,0,7,9,4,3,8
190,6,7,2,4,4,8,4,0,7,4,1
191,6,7,2,4,4,8,4,0,7,4,2
192,0,6,8,7,1,5,7,8,1,0,9
193,1,1,5,9,8,4,2,3,2,2,7
194,1,1,5,9,8,4,2,3,2,2,7
195,1,1,5,9,8,4,2,3,2,2,7
196,1,1,6,0,8,4,2,7,6,7,3
197,6,7,2,4,4,8,4,0,7,4,1
198,6,7,2,4,4,8,3,0,7,4,1
199,8,5,1,8,6,7,0,5,0,6,5
200,2,5,6,0,8,4,3,7,6,7,3
201,3,6,9,3,7,0,7,9,4,3,4
202,1,5,6,0,8,4,2,7,6,7,3
203,1,1,5,9,3,1,2,3,2,2,7
204,2,7,0,1,2,9,3,2,9,4,2
205,9,7,3,2,4,8,9,0,5,4,2
206,1,1,6,0,8,4,2,7,2,2,3
207,1,1,5,9,3,1,2,3,2,2,7
208,1,5,6,0,6,3,2,7,6,7,3
209,1,1,5,9,3,1,2,3,2,2,7
210,1,1,5,9,3,4,2,7,6,2,7
211,1,1,6,0,8,4,2,7,2,2,7
212,6,7,2,4,4,8,3,0,7,4,1
213,0,5,8,7,1,5,8,8,1,1,9
214,9,3,3,2,5,2,9,4,5,6,2
215,0,6,8,7,1,5,8,8,1,0,9
216,6,0,2,4,4,8,4,0,7,9,1
217,1,5,6,0,8,4,2,7,6,7,3
218,6,0,2,4,4,8,4,0,7,9,1
219,6,0,2,4,4,8,4,0,7,9,1
220,2,7,0,1,2,9,3,2,9,4,0
221,8,3,3,8,5,7,0,5,0,6,5
222,0,8,8,1,2,9,8,2,9,1,0
223,0,6,8,7,1,5,8,8,1,0,9
224,0,6,8,7,1,5,8,8,1,0,9
225,2,8,0,1,2,9,3,2,9,1,0
226,0,6,8,7,1,5,8,8,1,0,9
227,3,4,9,3,7,0,7,9,4,3,4
228,2,7,0,4,4,9,3,2,7,4,1
229,7,6,3,7,9,2,9,6,1,8,8
230,3,6,8,7,1,0,7,8,1,0,8
231,1,9,5,6,8,5,5,8,8,3,6
232,8,4,1,8,5,7,0,5,0,6,5
233,6,0,2,4,4,8,4,0,7,9,1
234,6,0,2,4,4,8,4,0,7,9,1
235,9,6,8,7,1,2,7,4,1,0,8
236,3,6,9,7,1,2,7,4,1,0,8
237,3,6,9,7,1,2,7,4,1,0,8
238,0,5,6,0,6,5,8,7,6,7,3
239,0,6,8,7,1,2,7,4,1,0,8
240,9,3,3,2,5,2,9,4,5,6,8
241,0,8,8,7,1,5,8,8,1,1,9
242,9,6,8,7,1,2,7,4,1,0,8
243,3,9,9,3,6,3,1,9,4,3,4
244,3,4,9,3,7,0,1,9,4,3,4
245,0,8,8,7,1,5,8,8,1,1,9
246,1,1,5,9,8,4,2,3,2,2,7
247,3,6,9,3,7,0,7,9,4,3,4
248,8,5,1,8,5,7,0,5,0,6,5
249,8,4,1,8,5,7,0,5,0,6,5
250,7,6,1,7,9,2,9,6,6,8,8
251,2,8,0,1,2,9,3,2,9,1,0
252,3,4,9,3,7,0,1,9,4,3,4
253,0,8,8,7,1,5,8,8,1,0,9
254,9,3,3,2,5,2,9,4,5,6,2
255,3,9,9,3,7,3,1,9,4,3,4
256,3,6,9,3,7,0,1,9,4,3,4
257,3,4,9,3,7,0,1,9,4,3,4
258,3,4,9,3,7,0,1,9,4,3,4
259,5,8,7,6,2,5,5,8,8,1,0
260,3,4,9,3,7,0,1,9,4,3,4
261,3,6,9,7,1,2,7,4,1,0,8
262,2,7,0,1,2,9,3,2,9,4,0
263,2,8,0,1,2,9,5,2,9,1,0
264,3,9,9,3,7,0,1,9,4,3,4
265,1,1,5,9,3,1,2,3,2,2,7
266,3,6,9,7,1,0,7,9,1,0,9
267,0,8,8,7,1,5,8,8,1,1,9
268,2,8,0,1,2,9,9,2,9,1,0
269,0,8,8,7,1,5,8,8,1,0,9
270,3,6,9,7,7,0,7,9,1,0,9
271,1,1,5,9,3,1,2,3,2,2,7
272,5,2,7,6,0,6,5,1,8,5,6
273,0,8,8,1,1,5,8,8,9,1,0
274,0,6,8,7,1,5,8,8,1,0,9
275,9,3,3,2,5,2,9,4,5,6,8
276,2,7,0,1,2,9,3,2,9,4,0
277,3,6,9,7,1,0,7,4,1,0,8
278,0,8,8,1,2,5,8,8,9,1,0
279,3,6,9,3,7,0,7,9,4,3,4
280,8,3,1,8,5,7,0,5,0,6,5
281,6,7,2,4,4,8,4,0,7,4,1
282,5,2,7,6,0,6,5,1,8,5,6
283,9,5,6,2,8,2,9,4,6,7,3
284,9,5,6,2,8,2,9,4,5,7,3
285,8,4,1,8,5,7,0,5,0,6,5
286,9,3,3,2,2,9,9,2,5,1,2
287,2,7,0,1,2,9,3,2,9,4,0
288,2,8,0,1,2,9,3,2,9,1,0
289,2,5,6,2,8,4,9,7,5,7,2
290,2,8,0,1,2,9,3,2,9,1,0
291,2,8,0,1,2,9,3,2,9,1,0
292,6,7,2,4,4,8,4,0,7,4,1
293,2,8,0,1,2,9,3,2,9,1,0
294,2,7,0,1,2,9,3,2,9,4,0
295,2,8,0,1,2,9,3,2,9,1,0
296,8,3,1,8,5,7,0,5,0,6,5
297,3,6,9,3,7,0,7,4,4,3,8
298,3,4,9,3,7,0,0,9,4,3,5
299,2,8,0,1,2,9,3,2,9,1,0
300,2,3,3,2,2,9,9,2,5,1,2
301,2,7,0,1,2,9,3,2,9,4,0
302,5,2,7,6,0,6,5,1,8,5,6
303,5,3,7,6,5,2,5,4,8,6,8
304,6,0,2,4,4,8,4,0,7,9,1
305,6,0,2,4,4,8,4,0,7,9,1
306,5,4,7,6,7,0,0,9,4,6,8
307,9,3,3,7,1,2,7,4,1,6,8
308,2,7,0,1,2,9,3,2,9,1,2
309,2,7,0,1,2,9,3,2,9,4,0
310,3,4,9,3,7,0,1,9,4,3,4
311,2,8,0,1,2,9,3,2,9,1,0
312,2,8,0,1,2,9,3,2,9,1,0
313,2,7,0,1,2,9,3,2,9,4,0
314,8,4,1,8,5,7,0,5,0,6,5
315,2,8,0,1,2,9,3,2,9,1,0
316,8,4,1,8,5,7,0,5,0,6,5
317,5,2,7,6,0,6,5,1,8,5,6
318,6,0,2,4,4,8,4,0,7,9,1
319,7,8,0,1,9,9,3,6,9,8,0
320,8,3,8,7,5,7,0,5,1,6,9
321,3,6,9,3,7,0,7,9,4,3,4
322,6,7,2,4,4,8,4,0,7,4,1
323,4,2,4,5,0,6,6,1,3,5,6
324,8,3,3,8,5,7,0,5,0,6,5
325,6,0,2,4,4,8,4,0,7,9,1
326,6,0,2,4,4,8,4,0,7,9,1
327,0,6,8,7,1,5,7,8,1,0,9
328,0,6,8,7,1,5,7,8,1,0,9
329,1,9,6,0,6,3,7,3,2,7,3
330,8,4,1,8,5,7,0,5,0,6,5
331,2,7,0,1,2,9,3,2,9,4,0
332,8,3,3,8,5,7,0,5,0,6,5
333,6,1,5,9,3,1,4,3,2,2,7
334,9,5,3,2,2,2,9,4,5,1,2
335,3,6,9,3,7,0,7,9,4,0,4
336,2,5,0,2,2,9,3,2,5,1,2
337,8,4,1,8,1,7,0,5,0,0,9
338,2,8,0,1,2,9,3,2,9,1,0
339,5,8,7,6,2,9,5,2,8,1,0
340,8,3,1,8,5,7,0,5,0,6,5
341,0,6,8,7,1,5,7,8,1,0,9
342,0,8,8,7,1,5,8,8,1,1,9
343,2,7,0,1,2,9,3,2,9,4,0
344,8,3,1,8,5,7,0,5,0,6,5
345,9,5,3,2,8,2,9,4,5,7,2
346,6,7,2,4,4,8,4,0,7,4,1
347,3,4,9,3,7,0,1,9,4,3,4
348,0,6,8,7,1,5,7,8,1,0,9
349,5,4,7,6,0,5,5,1,8,5,9
350,3,4,9,7,7,0,7,9,1,0,9
351,3,4,9,3,7,0,1,9,4,3,4
352,2,7,0,1,2,9,3,2,9,1,0
353,8,3,3,8,5,7,0,5,0,6,5
354,5,2,7,6,0,6,6,1,3,5,6
355,9,3,3,2,1,2,9,4,5,1,8
356,0,8,8,1,2,5,8,8,9,1,0
357,3,4,9,3,7,0,1,9,4,3,4
358,3,3,9,3,5,3,1,4,4,6,8
359,0,8,8,1,2,5,8,8,9,1,0
360,3,4,9,3,7,0,1,9,4,3,4
361,9,6,8,7,1,2,7,4,1,0,8
362,0,8,8,7,1,5,8,8,1,0,9
363,6,0,2,4,4,8,4,0,7,9,1
364,3,6,9,7,1,2,7,4,1,0,8
365,0,8,8,7,1,5,8,8,1,0,9
366,2,8,0,1,2,9,3,2,9,1,0
367,8,4,1,8,5,7,0,5,0,6,5
368,5,8,7,6,2,5,5,8,8,1,0
369,0,6,8,7,1,5,8,8,1,0,9
370,0,8,8,7,1,5,8,8,1,0,9
371,0,6,8,7,1,5,7,8,1,0,9
372,3,6,9,3,7,0,7,9,1,0,9
373,5,6,7,6,1,2,5,4,8,1,8
374,5,6,7,6,1,5,5,8,8,0,9
375,9,3,3,2,5,2,9,4,5,6,8
376,8,4,1,8,7,7,0,5,0,3,5
377,2,8,0,1,2,9,3,2,9,4,0
378,2,7,0,1,2,9,3,2,9,4,0
379,9,3,3,8,5,2,7,4,0,6,8
380,1,5,6,0,8,3,2,7,6,7,3
381,3,4,9,3,7,0,7,9,4,3,8
382,0,6,8,7,1,5,8,8,1,0,9
383,5,2,7,6,0,6,6,1,3,5,6
384,5,2,7,6,0,6,5,1,8,5,6
385,0,8,8,7,1,5,8,8,1,1,0
386,0,8,8,7,1,5,8,8,1,1,0
387,5,8,7,6,2,5,5,8,8,1,9
388,5,8,7,6,1,5,5,8,8,0,9
389,5,2,7,6,0,2,5,4,8,5,6
390,1,5,6,0,8,4,2,7,6,7,3
391,3,6,9,7,1,2,7,4,1,0,8
392,4,2,4,5,0,6,6,1,3,5,6
393,0,6,8,7,1,5,7,8,1,0,8
394,3,3,9,3,7,2,7,4,4,3,8
395,1,5,6,0,8,4,5,7,6,7,3
396,5,4,7,3,7,0,1,9,4,3,4
397,9,8,3,2,1,2,9,4,5,1,8
398,5,6,7,6,1,0,7,8,1,0,9
399,1,1,5,9,3,1,2,3,2,2,7
400,0,6,8,7,1,5,7,8,1,0,9
401,5,4,7,3,7,0,1,9,4,3,4
402,1,1,5,9,3,1,2,3,2,2,7
403,0,8,8,7,1,5,8,8,1,0,9
404,0,6,8,7,1,5,7,8,1,0,9
405,5,6,7,6,1,0,7,8,8,0,9
406,3,6,9,3,7,0,1,9,4,3,4
407,3,6,9,3,7,0,1,9,4,3,4
408,1,9,6,9,6,3,2,3,2,2,7
409,1,9,6,9,6,3,2,8,8,3,6
410,8,3,1,8,5,7,0,5,0,6,5
411,5,8,7,6,2,2,5,4,8,1,0
412,2,8,0,1,2,9,5,2,8,1,0
413,0,8,8,7,1,5,8,8,1,0,9
414,2,3,3,2,5,4,9,5,5,4,2
415,1,5,6,0,8,4,2,7,6,4,2
416,3,9,9,3,6,3,1,9,4,3,4
417,0,6,8,7,1,5,8,8,1,0,9
418,0,6,8,7,1,5,7,8,1,0,9
419,0,6,8,7,1,5,8,8,1,0,9
420,5,8,7,6,2,5,5,8,8,1,0
421,9,3,3,2,5,2,9,4,5,6,2
422,5,2,7,6,0,6,5,1,8,5,6
423,8,4,1,8,7,7,0,5,0,3,5
424,6,0,2,4,4,8,4,0,7,9,1
425,3,6,9,3,6,3,7,9,4,0,4
426,2,8,0,1,2,9,5,2,8,1,0
427,3,6,9,3,7,0,1,9,4,3,4
428,0,5,8,7,1,5,8,8,1,1,9
429,2,7,0,1,2,9,3,2,9,1,0
430,0,6,8,7,1,5,7,8,1,0,9
431,9,3,3,2,5,7,9,5,5,6,2
432,1,1,5,9,3,1,2,3,2,2,7
433,1,1,5,9,3,1,2,3,2,2,7
434,5,8,7,6,2,9,5,2,8,1,0
435,1,5,6,0,8,3,2,7,6,7,3
436,1,5,6,0,8,3,5,8,8,3,6
437,3,4,9,3,7,0,1,9,4,3,4
438,3,4,9,3,7,0,1,9,4,3,4
439,1,1,5,9,3,1,2,3,2,2,7
440,3,4,9,3,6,0,1,9,4,3,4
441,3,6,9,7,6,3,7,9,1,0,9
442,8,3,1,8,5,7,0,5,0,6,5
443,8,4,1,8,5,7,0,5,0,6,5
444,8,4,1,8,5,7,0,5,0,6,5
445,8,3,1,8,5,7,0,5,0,6,5
446,8,3,1,8,5,7,0,5,0,6,5
447,8,3,3,8,5,7,0,5,0,6,5
448,8,3,3,8,5,7,0,5,0,6,5
449,8,4,1,8,5,7,0,5,0,6,5
450,0,8,8,7,1,5,8,8,1,1,9
451,1,5,6,0,8,4,2,7,6,7,3
452,1,1,5,9,3,1,2,3,2,2,7
453,0,6,8,7,1,5,8,8,1,0,9
454,1,1,6,0,8,4,2,7,6,7,3
455,1,5,6,0,8,4,2,7,6,7,3
456,0,8,8,7,1,5,8,8,1,0,9
457,1,5,6,0,8,4,2,7,6,7,3
458,1,1,5,9,3,1,2,3,2,2,7
459,1,1,5,9,3,1,2,3,2,2,7
460,0,8,8,7,1,5,8,8,1,0,9
461,2,8,0,1,2,9,3,2,9,4,0
462,8,3,3,8,5,2,0,4,0,6,8
463,1,5,6,0,8,4,2,7,6,7,7
464,0,6,8,7,1,5,8,8,1,0,9
465,0,8,8,7,1,5,8,8,1,0,9
466,5,2,7,6,0,6,5,1,8,5,6
467,0,6,8,7,1,2,7,4,1,0,8
468,9,3,3,2,5,2,9,4,5,1,2
469,8,4,1,8,5,7,0,5,0,6,5
470,6,0,2,4,4,8,4,0,7,9,1
471,2,8,0,1,2,9,8,2,9,1,0
472,2,8,0,1,2,9,3,2,9,1,0
473,8,4,1,8,5,7,0,5,0,6,5
474,8,3,1,8,5,7,0,5,0,6,5
475,3,6,9,3,7,0,1,9,4,3,4
476,4,2,4,5,0,6,6,1,3,5,6
477,2,7,0,1,2,9,3,2,9,4,0
478,5,5,7,6,6,5,5,8,8,5,9
479,1,5,6,0,6,3,2,7,6,7,3
480,8,4,1,8,5,7,0,5,0,6,5
481,8,3,3,8,5,7,0,5,0,6,5
482,6,0,2,4,4,8,4,0,7,9,1
483,6,0,2,4,4,8,4,0,7,9,1
484,2,7,0,1,2,9,3,2,9,4,0
485,8,5,1,8,5,7,0,5,0,6,5
486,3,6,9,3,7,0,1,9,4,3,4
487,3,4,1,3,7,0,1,9,4,3,4
488,6,0,2,4,4,8,4,0,7,9,1
489,3,9,9,3,6,3,1,9,4,3,4
490,2,8,0,1,2,9,3,2,9,1,0
491,6,7,2,4,4,8,4,0,7,4,1
492,6,0,2,4,4,8,4,0,7,9,1
493,1,1,6,0,8,4,2,7,2,2,7
494,1,1,5,9,3,1,2,3,2,2,7
495,6,7,2,4,4,8,4,0,7,4,1
496,6,0,2,4,4,8,4,0,7,9,1
497,5,4,7,6,1,5,5,8,8,0,9
498,3,4,9,3,7,0,1,9,4,3,4
499,0,8,8,1,2,5,8,8,9,1,0
500,1,1,5,9,8,4,2,3,2,7,3
501,1,1,5,9,3,1,2,3,2,2,7
502,3,6,9,3,6,0,1,9,4,3,4
503,6,0,2,4,4,8,4,0,7,9,1
504,9,3,3,2,5,2,9,4,5,6,8
505,6,0,2,4,4,8,4,0,7,9,1
506,6,0,2,4,4,8,4,0,7,9,1
507,8,3,1,8,5,7,0,5,0,6,5
508,6,0,2,4,4,8,4,0,7,9,1
509,0,6,8,7,1,5,7,8,1,0,8
510,0,5,8,7,1,5,8,8,1,0,9
511,6,7,2,4,4,8,4,0,7,4,1
512,6,0,2,4,4,8,4,0,7,9,1
513,6,7,2,4,4,8,4,0,7,4,2
514,6,0,2,4,4,8,4,0,7,9,1
515,3,6,9,3,7,0,7,9,4,3,8
516,8,3,1,8,5,7,0,5,0,6,5
517,1,1,5,9,3,1,2,3,2,2,7
518,3,4,9,3,7,0,7,9,4,3,4
519,3,6,9,3,7,0,1,9,4,3,4
520,1,1,5,9,3,1,2,3,2,2,7
521,2,7,0,1,2,9,3,2,9,4,0
522,3,4,9,3,7,0,1,9,4,3,4
523,5,8,7,6,1,5,5,8,8,0,9
524,2,8,0,1,2,9,8,2,9,1,0
525,5,4,7,6,0,6,5,1,8,5,6
526,9,8,3,2,2,2,9,2,5,1,0
527,8,4,1,8,5,7,0,5,0,6,5
528,1,1,5,9,3,1,2,3,2,2,7
529,0,8,8,7,1,5,8,8,1,0,9
530,1,5,6,0,8,4,2,7,6,7,3
531,8,4,1,3,7,0,1,9,4,3,4
532,0,8,8,7,1,5,8,8,1,0,9
533,4,2,4,5,0,6,6,1,3,5,6
534,0,6,8,7,1,5,7,8,1,0,9
535,1,1,5,9,3,1,2,3,2,2,7
536,2,8,0,1,2,9,3,2,9,1,0
537,3,6,9,7,7,0,7,9,1,0,9
538,2,7,0,1,2,9,3,2,9,4,0
539,5,8,7,6,2,2,5,4,8,1,0
540,0,6,8,7,1,5,7,8,1,0,9
541,8,4,1,8,5,7,0,5,0,6,5
542,3,6,9,3,7,0,7,9,4,3,4
543,3,4,9,3,7,0,1,9,4,3,4
544,8,4,1,8,5,7,0,5,0,6,5
545,3,4,9,3,7,0,1,9,4,3,4
546,0,6,8,7,1,5,8,8,1,0,9
547,1,1,5,9,3,1,2,3,2,2,7
548,1,5,6,0,8,4,2,7,6,7,3
549,2,7,0,4,4,9,3,2,7,4,1
550,3,6,9,7,1,0,7,9,1,0,9
551,6,0,2,4,4,8,4,0,7,9,1
552,5,2,7,6,0,6,5,1,8,5,6
553,3,4,9,3,7,0,1,9,4,3,8
554,4,2,4,5,0,6,6,1,3,3,6
555,5,8,7,6,2,5,5,8,8,1,0
556,1,5,6,0,8,4,2,7,6,7,3
557,2,8,0,1,2,9,3,2,9,1,0
558,7,8,0,1,9,9,3,6,9,8,0
559,1,1,5,9,3,1,2,3,6,2,7
560,1,5,6,9,8,7,8,7,0,6,3
561,2,7,0,1,2,9,3,2,9,4,0
562,0,6,8,7,1,5,8,8,1,0,9
563,3,6,9,3,7,0,7,9,4,3,8
564,9,3,3,2,1,2,9,4,5,1,2
565,1,5,6,0,8,4,2,7,6,7,3
566,1,1,5,9,3,1,2,3,2,2,7
567,2,7,0,1,2,9,3,2,9,4,0
568,2,7,0,1,2,9,3,2,9,4,0
569,9,3,3,2,5,7,9,5,5,6,2
570,0,8,8,1,1,5,8,8,9,1,0
571,5,6,7,6,1,2,7,4,8,0,8
572,0,8,8,1,1,5,8,8,9,1,9
573,3,6,8,7,5,2,7,4,1,6,8
574,9,3,3,2,5,2,7,4,5,6,8
575,9,3,3,2,2,2,9,4,5,1,2
576,2,7,0,2,2,9,3,2,5,1,2
577,3,6,9,3,7,0,7,9,4,3,8
578,0,6,8,7,1,5,7,8,1,0,9
579,6,0,2,4,4,8,4,0,7,9,1
580,6,0,2,4,4,8,4,0,7,9,1
581,1,1,5,9,3,1,2,3,2,2,7
582,1,5,6,0,8,4,2,7,6,7,3
583,1,5,6,0,8,4,2,7,6,7,3
584,0,8,8,7,1,5,8,8,1,1,9
585,5,4,7,6,7,0,1,9,4,3,4
586,5,2,7,6,7,0,5,9,8,5,4
587,4,2,4,5,0,6,6,1,3,5,6
588,2,7,0,1,2,9,3,2,9,4,0
589,1,1,5,9,3,1,2,3,2,2,7
590,2,8,0,1,2,9,3,2,9,1,0
591,9,6,8,7,1,2,7,4,1,1,8
592,7,6,1,7,9,2,9,6,6,8,8
593,6,1,2,4,4,4,4,0,7,9,1
594,6,7,2,4,4,8,4,0,7,4,1
595,6,7,2,4,4,8,4,0,7,4,1
596,2,8,0,1,2,9,3,2,9,1,0
597,5,5,7,6,0,6,5,7,8,5,3
598,1,1,5,9,3,1,2,3,2,2,7
599,2,7,0,1,2,9,3,2,9,4,0
600,3,4,9,3,7,0,1,9,4,3,4
601,1,5,6,0,8,4,2,7,6,7,3
602,1,9,6,0,6,3,2,7,6,2,7
603,1,5,6,0,6,3,8,7,6,7,3
604,9,6,3,7,1,2,7,4,1,0,8
605,0,6,8,7,1,5,8,8,1,0,9
606,0,5,6,0,1,5,8,8,6,7,3
607,1,1,5,9,3,1,2,3,2,2,7
608,0,5,6,0,6,3,8,7,6,7,3
609,7,5,6,0,9,4,3,6,6,8,3
610,3,6,8,7,1,0,7,8,1,0,9
611,1,1,5,0,8,4,2,7,2,2,7
612,0,6,8,7,1,5,8,8,1,0,9
613,1,5,6,0,6,3,2,7,6,7,3
614,1,5,8,7,3,4,2,7,6,2,7
615,3,9,8,7,3,4,2,7,6,2,7
616,0,5,6,0,8,4,8,7,6,7,3
617,2,8,0,1,2,9,3,2,9,1,0
618,2,5,6,0,8,4,8,7,6,7,3
619,2,7,0,1,2,9,3,2,9,1,0
620,1,5,6,0,8,4,2,7,6,7,3
621,0,8,8,7,1,5,8,8,1,0,9
622,1,9,6,0,3,4,2,7,6,2,7
623,0,5,6,0,8,4,8,7,6,7,3
624,1,5,6,0,8,4,2,7,6,7,3
625,0,5,6,0,1,5,8,8,6,7,3
626,1,5,6,0,8,4,2,7,6,7,3
627,1,1,6,0,8,4,2,7,2,2,3
628,1,5,6,0,8,3,2,7,6,7,3
629,1,1,5,0,8,4,2,7,2,2,7
630,0,5,6,0,8,4,8,7,6,7,3
631,1,1,5,9,3,1,2,3,2,2,7
632,2,8,0,1,2,9,9,2,9,1,0
633,9,3,3,2,5,2,9,4,5,1,2
634,6,0,2,4,4,8,4,0,7,9,1
635,1,5,6,0,8,4,2,7,6,7,3
636,3,6,9,3,6,3,1,9,4,3,4
637,1,1,5,9,3,1,2,3,2,2,7
638,8,4,1,8,5,7,0,5,0,6,5
639,9,8,3,2,2,2,9,2,5,1,2
640,1,5,6,0,8,4,2,7,6,7,3
641,1,1,5,9,3,1,2,3,2,2,7
642,1,5,6,0,8,4,2,7,6,7,3
643,0,6,8,7,1,5,7,8,1,0,9
644,0,6,8,7,1,5,8,8,1,0,9
645,5,2,7,6,0,6,5,1,8,5,6
646,2,7,0,1,2,9,3,2,9,4,0
647,0,5,8,7,6,3,7,8,1,0,9
648,1,1,5,9,3,1,2,3,2,2,7
649,1,1,6,0,8,4,2,7,6,7,3
650,0,8,8,1,2,5,8,8,9,1,0
651,1,5,6,0,8,4,2,7,6,7,3
652,1,1,5,9,3,1,2,3,2,2,7
653,1,5,6,0,8,3,2,7,6,7,3
654,0,8,8,7,1,5,8,8,1,0,9
655,0,6,8,7,1,5,7,8,1,0,9
656,5,2,7,6,0,6,5,1,8,5,6
657,3,4,9,3,7,0,7,9,4,3,4
658,0,8,8,7,1,5,8,8,1,0,9
659,0,6,8,7,1,5,8,8,1,0,9
660,3,6,9,7,7,0,7,9,1,0,9
661,9,3,3,2,5,2,9,4,5,6,8
662,2,8,0,1,2,9,5,2,9,1,0
663,9,8,3,2,2,2,9,2,5,1,2
664,6,0,2,4,4,8,4,0,7,9,1
665,8,4,1,8,5,7,0,5,0,6,5
666,9,8,3,2,2,2,9,4,5,1,8
667,2,8,0,1,2,9,3,2,9,1,0
668,3,6,9,3,7,0,1,9,4,3,4
669,1,5,6,0,8,4,2,7,6,7,3
670,1,5,6,0,8,4,2,7,6,7,3
671,8,4,1,8,7,0,0,5,0,6,5
672,1,5,6,0,3,4,2,7,6,2,7
673,3,6,9,3,7,0,1,9,4,3,4
674,1,5,6,0,6,3,2,7,6,7,3
675,1,1,5,0,8,4,2,7,2,2,7
676,2,7,0,1,2,9,3,2,9,4,0
677,9,3,3,2,5,7,9,5,5,6,2
678,9,5,3,2,2,2,5,4,8,1,2
679,1,1,6,0,8,4,2,7,6,2,3
680,1,1,5,9,3,1,2,3,2,2,7
681,4,2,4,5,0,6,6,1,3,5,6
682,3,6,9,7,7,0,7,9,1,0,8
683,3,9,9,3,6,0,1,9,4,3,4
684,3,4,9,3,7,0,1,9,4,3,4
685,9,3,3,2,5,2,9,4,5,6,8
686,0,6,8,7,1,5,8,8,1,0,9
687,8,3,1,8,5,7,0,5,0,6,5
688,3,4,9,3,7,0,1,9,4,3,4
689,0,6,8,7,1,5,8,8,1,0,9
690,3,6,9,3,7,0,7,9,4,3,4
691,4,2,4,5,0,6,6,1,3,5,6
692,4,2,4,5,0,6,6,1,3,5,6
693,3,4,9,3,7,0,1,9,4,3,4
694,3,6,9,3,7,0,7,9,4,0,4
695,6,7,2,4,8,4,4,0,7,4,1
696,9,3,3,2,7,2,9,4,5,6,8
697,3,4,9,3,7,0,1,9,4,3,4
698,6,7,2,4,4,8,4,0,7,4,1
699,5,2,7,6,0,6,5,1,8,5,6
700,0,6,8,7,1,5,8,8,1,0,9
701,2,7,0,1,2,9,3,2,9,4,0
702,4,2,4,5,0,6,6,1,3,5,6
703,6,7,2,4,4,8,3,0,7,4,1
704,6,0,2,4,4,8,4,0,7,9,1
705,2,7,0,1,2,9,3,2,9,4,0
706,3,4,9,3,7,0,1,9,4,3,4
707,2,8,0,1,2,9,3,2,9,1,0
708,6,0,2,4,4,8,4,0,7,9,1
709,8,4,1,8,5,7,0,5,0,6,5
710,2,7,0,4,4,8,3,0,7,4,1
711,2,3,3,2,2,9,9,2,5,1,2
712,6,0,2,4,4,8,4,0,7,9,1
713,0,6,8,7,1,2,7,4,1,0,8
714,0,8,8,7,1,5,8,8,9,1,0
715,0,3,8,7,1,5,8,8,1,6,9
716,4,2,4,5,0,6,6,1,3,5,6
717,5,2,7,6,0,6,6,1,3,5,6
718,3,4,9,3,7,0,1,9,4,3,4
719,6,7,2,4,4,8,4,0,7,4,1
720,7,6,1,7,9,0,7,6,1,8,9
721,3,4,9,3,7,0,7,4,4,3,8
722,0,8,8,1,2,5,8,8,9,1,0
723,2,8,0,1,2,9,3,2,9,1,0
724,0,5,8,0,1,5,8,8,6,7,9
725,0,8,8,7,1,5,8,8,1,0,9
726,0,6,8,7,1,5,7,8,1,0,9
727,1,1,6,0,8,4,2,7,6,2,3
728,0,6,8,7,1,5,8,8,1,0,9
729,0,6,8,7,1,5,7,8,1,0,9
730,8,8,0,8,5,7,0,5,0,6,5
731,1,1,5,0,8,4,2,7,2,2,7
732,1,1,5,9,3,1,2,3,2,2,7
733,0,6,8,7,1,5,8,8,1,0,9
734,0,6,8,7,1,5,8,8,1,0,9
735,0,8,8,7,1,5,8,8,1,0,9
736,0,8,8,7,1,5,8,8,1,0,9
737,2,8,0,1,2,9,3,2,9,1,0
738,9,3,3,2,5,2,9,4,5,6,8
739,6,0,2,4,4,8,4,0,7,9,1
740,5,4,1,3,7,0,1,9,4,3,4
741,1,5,6,0,8,4,2,7,6,7,3
742,8,3,1,8,5,7,0,5,0,6,5
743,3,6,9,3,7,0,7,9,4,0,8
744,1,5,6,0,8,4,2,7,6,7,3
745,6,0,2,4,4,8,4,0,7,9,1
746,8,4,1,8,5,7,0,5,0,6,5
747,0,8,8,7,1,5,8,8,1,0,9
748,6,0,2,4,4,8,4,0,7,9,1
749,0,3,8,7,5,5,8,8,1,6,9
750,3,6,9,3,7,0,7,9,4,3,4
751,0,8,0,1,2,5,8,8,9,7,0
752,1,9,6,0,6,3,2,7,6,7,3
753,1,5,6,0,8,4,2,7,6,7,3
754,6,7,2,4,4,8,4,0,7,4,1
755,1,5,6,0,8,4,2,7,6,7,3
756,0,5,6,0,6,3,8,7,6,7,3
757,3,4,9,3,7,0,1,9,4,3,4
758,0,8,8,7,1,5,8,8,1,0,9
759,7,5,6,0,9,4,9,6,6,8,3
760,1,1,5,9,3,1,2,3,2,2,7
761,0,8,8,7,1,2,8,4,1,1,8
762,0,8,8,1,2,5,8,8,9,1,0
763,0,8,8,1,1,5,8,8,9,7,9
764,5,4,8,7,1,5,0,8,1,0,9
765,0,6,8,7,1,5,7,8,1,0,8
766,5,2,7,6,0,6,5,1,8,5,6
767,0,6,8,7,1,5,7,8,1,0,9
768,0,6,8,7,1,5,8,8,1,0,9
769,0,6,8,7,1,5,7,8,1,0,9
770,3,4,9,3,7,0,1,9,4,3,4
771,0,6,8,7,1,5,8,8,1,0,9
772,6,0,2,4,4,8,4,0,7,9,1
773,6,0,2,4,4,8,4,0,7,9,1
774,9,3,3,2,5,2,9,4,5,6,8
775,6,0,2,4,4,8,4,0,7,9,1
776,0,6,8,7,1,5,7,8,1,0,9
777,6,0,2,4,4,8,4,0,7,9,1
778,9,3,3,2,5,2,9,4,5,6,2
779,2,8,0,1,2,9,3,2,9,1,0
780,8,4,1,8,5,7,0,5,0,6,5
781,3,6,9,3,7,0,7,9,4,3,4
782,8,4,1,8,7,7,0,5,0,3,5
783,1,5,6,0,8,3,2,7,6,7,3
784,1,1,5,9,3,1,2,3,2,2,7
785,5,2,7,6,0,6,5,1,8,5,6
786,1,1,5,9,3,1,2,3,2,2,7
787,6,0,2,4,4,8,4,0,7,9,1
788,6,0,2,4,4,8,4,0,7,9,1
789,6,0,2,4,4,8,4,0,7,9,1
790,9,3,3,2,2,2,9,4,5,1,2
791,6,7,2,4,4,8,4,0,7,4,1
792,8,3,3,2,5,7,5,5,8,6,2
793,8,3,1,8,5,7,0,5,0,6,5
794,8,4,1,8,5,7,0,5,0,6,5
795,0,8,8,7,1,5,8,8,1,1,9
796,6,0,2,4,4,8,4,0,7,9,1
797,6,0,2,4,4,8,4,0,7,9,1
798,8,4,1,8,5,7,0,5,0,6,5
799,8,3,1,8,5,7,0,5,0,6,5
800,5,4,7,6,7,2,7,4,1,6,8
801,8,3,1,8,5,7,0,5,0,6,5
802,8,3,1,8,5,7,0,5,0,6,5
803,0,6,8,7,1,5,8,8,1,0,9
804,3,4,9,3,7,0,7,9,4,3,4
805,2,8,0,1,2,9,5,2,9,1,0
806,5,4,7,6,7,0,5,4,8,5,8
807,3,4,9,3,7,0,1,9,4,3,4
808,9,3,3,2,2,2,9,4,5,1,2
809,0,8,8,7,1,5,8,8,1,1,9
810,8,3,3,8,5,7,0,5,0,6,5
811,0,6,8,7,1,5,8,8,1,0,9
812,0,5,6,0,6,3,1,9,1,0,3
813,2,7,0,1,2,9,3,2,9,4,0
814,9,5,3,2,8,2,9,4,5,7,2
815,0,6,8,7,1,5,7,8,1,0,9
816,3,4,9,3,7,0,1,9,4,3,4
817,0,5,8,7,1,5,8,8,1,7,9
818,2,7,0,1,2,9,3,2,9,4,0
819,6,7,2,4,4,8,4,0,7,4,1
820,1,1,6,0,8,4,2,7,6,2,3
821,2,8,0,1,2,9,3,2,9,1,0
822,9,3,3,2,1,2,9,4,5,1,2
823,2,8,0,1,2,9,9,2,9,1,0
824,9,6,8,7,1,2,7,4,1,0,8
825,0,6,8,7,1,5,8,8,1,0,9
826,0,6,8,7,1,5,8,8,1,0,9
827,3,4,9,3,7,0,1,9,4,3,4
828,1,1,5,9,3,1,2,3,2,2,7
829,0,8,8,7,1,5,8,8,9,1,9
830,2,7,0,1,2,9,3,2,9,4,0
831,5,8,7,6,2,9,5,2,8,1,0
832,3,4,9,3,7,0,7,9,4,3,4
833,1,5,6,0,6,5,5,8,8,3,6
834,3,4,9,3,6,3,1,9,4,3,4
835,5,4,7,3,7,0,1,9,4,3,4
836,0,8,8,1,2,5,8,8,9,1,0
837,0,8,8,7,1,5,8,8,1,0,9
838,0,6,8,7,1,5,8,8,1,0,9
839,3,3,9,3,5,2,7,4,4,6,8
840,3,4,9,3,7,0,1,9,4,3,4
841,5,4,7,6,7,0,1,1,4,3,4
842,5,6,7,6,1,5,5,8,8,0,9
843,5,4,7,6,7,0,1,9,4,3,4
844,0,6,8,7,1,5,8,8,1,0,9
845,0,6,8,7,1,5,7,8,1,0,9
846,3,3,9,3,7,2,7,4,4,6,8
847,0,5,8,7,1,5,8,8,1,0,9
848,9,5,6,0,8,4,9,7,6,7,3
849,1,5,6,0,8,4,2,7,6,7,3
850,1,1,5,9,3,1,2,3,2,2,7
851,1,1,5,9,3,1,2,3,8,3,6
852,6,7,2,4,4,8,4,0,7,4,1
853,0,6,8,7,1,5,8,8,1,0,9
854,3,9,9,3,6,3,1,9,4,3,4
855,8,4,1,8,7,7,0,5,0,3,5
856,0,6,8,7,1,5,7,8,1,0,8
857,3,6,9,3,7,0,7,4,4,0,8
858,0,6,8,7,1,5,8,8,1,0,9
859,1,5,6,0,8,4,2,7,6,7,3
860,1,5,6,0,8,4,2,7,6,7,3
861,1,9,6,0,6,3,2,7,6,7,3
862,2,7,0,1,2,9,3,2,9,4,2
863,0,6,8,7,1,5,7,8,1,0,9
864,5,6,7,6,1,5,5,8,8,0,9
865,2,8,0,1,2,9,3,2,9,1,0
866,9,5,3,2,2,2,9,4,5,1,2
867,1,5,6,0,8,3,2,7,6,7,3
868,2,8,0,1,2,9,8,2,9,1,0
869,2,8,0,1,2,9,3,2,9,1,0
870,3,6,9,3,7,0,1,9,4,3,4
871,2,7,0,1,2,9,3,2,9,4,0
872,3,4,9,3,7,0,1,9,4,3,4
873,0,8,8,7,1,5,8,8,1,0,9
874,3,4,9,3,7,0,1,9,4,3,4
875,4,2,4,5,0,6,6,1,3,5,6
876,5,8,7,6,2,5,5,8,8,1,0
877,5,2,7,6,0,6,5,1,8,5,6
878,0,6,8,7,1,5,7,4,1,0,8
879,0,6,8,7,1,5,7,8,1,0,9
880,0,8,8,7,1,5,8,8,1,1,9
881,4,2,4,5,0,6,6,1,3,5,6
882,4,2,4,5,0,6,6,1,3,5,6
883,9,3,3,2,1,2,9,4,5,7,8
884,2,8,0,1,2,9,3,2,9,1,0
885,3,4,9,3,7,0,1,9,4,3,4
886,3,5,6,0,6,3,1,7,6,7,4
887,2,8,0,1,2,9,8,2,9,1,0
888,9,6,7,6,1,2,7,4,8,0,8
889,1,5,6,0,8,3,2,7,6,7,3
890,4,2,4,5,0,6,6,1,3,5,6
891,5,2,7,6,0,6,5,1,8,5,6
892,4,2,4,5,0,6,6,1,3,5,6
893,1,1,6,0,8,4,2,7,2,2,3
894,9,3,3,2,5,2,9,4,5,6,8
895,5,8,7,6,2,5,5,8,8,1,0
896,0,8,8,1,1,5,8,8,9,1,0
897,2,8,0,1,2,9,3,2,9,1,0
898,1,5,6,0,8,4,8,7,6,7,3
899,1,1,5,9,3,1,2,3,2,2,7
900,0,6,8,7,1,5,8,8,1,0,9
901,9,3,3,2,2,2,9,4,5,1,2
902,3,6,9,3,7,0,7,9,4,0,4
903,0,6,8,7,1,5,7,8,1,0,9
904,2,8,0,1,2,9,5,2,8,1,0
905,9,3,3,2,5,2,9,4,5,6,2
906,5,2,7,6,0,6,6,1,3,5,6
907,3,6,9,3,7,0,7,9,4,3,4
908,0,6,8,7,1,5,7,8,1,0,9
909,0,8,8,7,1,5,8,8,1,1,9
910,5,6,7,6,1,5,5,8,8,0,9
911,9,3,3,2,5,2,9,4,5,6,8
912,0,6,8,7,1,5,8,8,1,0,9
913,9,3,3,2,5,7,9,5,5,6,2
914,3,9,9,3,6,0,1,9,4,3,4
915,0,5,6,0,8,5,8,7,6,7,3
916,0,5,6,0,8,4,8,7,6,7,3
917,4,2,4,5,0,6,6,1,3,5,6
918,1,5,8,7,3,4,2,7,6,2,7
919,0,6,8,7,1,5,7,8,1,0,9
920,1,1,6,0,8,4,2,7,6,2,3
921,0,6,8,7,1,5,7,8,1,0,9
922,9,3,8,7,1,2,9,4,1,1,8
923,1,1,6,0,8,4,2,7,6,7,3
924,9,3,3,2,5,2,9,4,5,6,8
925,0,5,6,0,6,3,8,7,6,7,3
926,0,9,7,6,1,5,5,8,8,3,6
927,3,6,9,7,1,0,7,9,1,0,8
928,3,6,9,3,7,0,7,9,4,3,4
929,3,6,9,3,7,0,7,9,4,3,4
930,0,8,8,1,2,5,8,8,9,1,0
931,0,6,8,7,1,3,7,8,1,0,8
932,0,6,8,7,1,3,7,8,1,0,8
933,0,5,6,0,6,3,8,7,6,7,3
934,0,5,6,0,6,3,8,7,6,7,3
935,3,9,9,3,6,3,1,9,4,7,4
936,3,9,9,3,6,3,7,3,2,7,4
937,0,6,8,7,1,5,8,8,1,0,9
938,2,8,0,1,2,9,3,2,9,1,0
939,3,4,9,3,7,0,1,9,4,3,4
940,0,8,8,6,1,5,5,8,8,1,0
941,0,8,8,7,1,5,8,8,1,0,9
942,0,8,8,7,1,5,8,8,1,0,9
943,0,6,8,7,1,5,7,8,1,0,9
944,8,4,1,8,5,2,0,4,0,6,8
945,2,8,8,1,2,9,8,2,9,1,0
946,4,2,4,5,0,6,6,1,3,5,6
947,3,6,9,3,7,0,7,9,4,3,4
948,3,4,9,3,7,0,1,9,4,3,4
949,0,6,8,7,1,5,8,8,1,0,9
950,0,6,8,7,1,2,7,4,1,0,8
951,3,3,9,3,6,3,7,9,4,6,8
952,0,6,8,7,1,2,8,8,1,1,8
953,5,5,6,0,8,4,5,7,6,7,3
954,9,3,3,2,1,2,9,4,5,0,8
955,0,8,8,7,1,5,8,8,1,0,9
956,3,6,9,7,7,0,7,9,1,0,8
957,3,6,9,3,7,0,7,9,4,3,4
958,5,6,7,6,7,2,7,4,4,0,8
959,3,4,9,3,7,0,1,9,4,3,4
960,3,4,9,3,7,0,1,9,4,3,4
961,5,9,7,3,6,3,1,1,4,5,4
962,3,6,9,3,7,0,7,9,4,0,4
963,3,6,9,3,7,0,7,9,4,0,4
964,0,5,8,7,1,5,8,8,1,7,9
965,0,5,8,7,1,5,8,8,1,7,9
966,2,8,0,1,2,9,3,2,9,1,0
967,2,8,0,1,2,9,3,2,9,1,0
968,0,8,0,1,2,5,8,2,9,1,0
969,0,8,8,1,2,5,8,8,9,1,0
970,0,8,8,1,2,5,8,8,9,1,0
971,9,3,3,2,1,2,9,4,5,1,8
972,9,3,3,2,5,2,9,4,5,6,8
973,1,9,6,3,6,3,7,3,2,7,3
974,0,5,6,0,8,4,8,7,6,7,3
975,0,5,6,0,8,4,8,7,6,7,3
976,1,9,6,3,6,3,7,3,2,7,3
977,0,5,8,7,1,5,8,8,1,0,9
978,2,7,0,1,2,9,3,2,9,4,0
979,2,7,0,1,2,9,3,2,9,4,0
980,3,6,9,3,7,0,7,9,4,0,4
981,3,6,9,3,7,0,7,9,4,0,4
982,0,8,8,7,1,5,8,8,1,0,9
983,3,6,9,7,1,0,7,9,1,0,8
984,3,6,9,3,6,3,7,9,1,0,8
985,3,6,9,3,6,3,7,9,1,0,8
986,3,9,9,3,6,3,1,9,4,3,4
987,3,9,6,3,6,3,7,3,2,7,4
988,1,9,6,3,6,1,7,3,2,7,3
989,1,9,5,9,3,1,2,3,2,2,7
990,1,9,5,9,3,1,2,3,2,2,7
991,1,5,6,0,6,3,2,7,6,7,3
992,0,5,6,0,6,3,8,7,6,7,3
993,1,5,6,0,8,4,2,7,6,7,3
994,5,4,7,6,7,0,1,9,4,3,4
995,0,6,8,7,1,5,7,8,1,0,9
996,9,8,3,2,1,2,9,4,5,1,8
997,2,7,0,1,2,9,3,2,9,4,0
998,2,7,0,1,2,9,3,2,9,4,0
999,2,7,0,1,2,9,3,2,9,4,0
1000,6,0,2,4,4,8,4,0,7,9,1
1001,1,5,6,0,6,4,2,7,6,2,7
1002,9,3,3,2,1,2,9,4,5,1,2
1003,2,8,0,1,2,9,3,2,9,1,0
1004,1,1,6,0,8,4,2,7,6,2,3
1005,5,4,7,6,7,0,1,9,4,3,4
1006,0,6,8,7,1,5,8,8,1,0,9
1007,0,6,8,7,1,5,8,8,1,0,9
1008,3,6,9,3,7,0,7,9,4,3,8
1009,3,6,9,3,7,0,7,9,4,3,8
1010,0,5,6,0,6,3,8,7,6,7,9
1011,0,6,8,7,1,5,7,8,1,0,9
1012,0,6,8,7,1,5,7,8,1,0,9
1013,0,6,8,7,1,2,7,4,1,0,8
1014,1,5,6,0,8,4,2,7,6,7,3
1015,1,5,6,0,8,4,2,7,6,7,3
1016,9,3,3,2,1,2,9,4,5,1,8
1017,9,3,3,2,1,2,9,4,5,1,8
1018,1,5,6,0,8,3,2,7,6,7,3
1019,1,5,6,0,8,3,2,7,6,7,3
1020,0,8,8,7,1,5,8,8,1,1,9
1021,0,8,8,7,1,5,8,8,1,0,9
1022,0,6,8,7,1,5,8,8,1,0,9
1023,4,2,4,5,0,6,6,1,3,5,6
1024,1,5,6,0,8,4,8,7,6,7,3
1025,1,5,6,0,8,4,8,7,6,7,3
1026,3,9,9,3,6,3,1,9,4,3,4
1027,3,9,9,3,6,3,1,9,4,3,4
1028,5,8,7,6,2,9,5,2,8,1,0
1029,3,6,9,3,6,3,7,9,4,0,4
1030,3,6,8,7,1,0,7,4,1,0,8
1031,0,6,8,7,1,5,7,8,1,0,9
1032,3,9,9,3,6,3,1,9,4,7,4
1033,2,8,0,1,2,9,3,2,9,1,0
1034,0,6,8,7,1,5,8,8,1,0,9
1035,5,2,7,3,0,6,1,1,4,5,4
1036,6,0,2,4,4,8,4,0,7,9,1
1037,2,8,0,1,2,9,8,2,9,1,0
1038,4,2,4,5,0,6,6,1,3,5,6
1039,9,0,3,2,4,8,9,0,5,9,2
1040,0,8,8,7,1,5,8,8,1,0,9
1041,8,3,1,8,5,7,0,5,0,6,5
1042,1,5,6,0,8,4,2,7,6,7,3
1043,0,6,8,7,1,5,7,8,1,0,9
1044,1,1,5,9,8,4,2,3,2,2,7
1045,1,1,5,9,3,1,2,3,2,2,7
1046,1,1,5,9,8,4,2,3,2,2,7
1047,1,1,5,9,8,4,2,7,2,2,7
1048,0,6,8,7,1,5,7,8,1,0,9
1049,2,8,0,1,2,9,5,2,8,1,0
1050,6,7,2,4,4,8,4,0,7,4,1
1051,2,8,0,1,2,9,8,2,9,1,0
1052,0,6,8,7,1,5,7,8,1,0,9
1053,3,6,9,3,7,0,7,9,4,3,8
1054,2,8,0,1,2,9,8,2,9,1,0
1055,0,6,8,7,1,5,7,8,1,0,9
1056,3,4,9,3,7,0,7,9,4,3,8
1057,2,8,0,1,2,9,3,2,9,1,0
1058,8,3,8,7,5,5,0,8,1,6,9
1059,9,3,3,2,2,2,9,4,5,1,2
1060,8,8,0,8,5,7,0,5,0,6,5
1061,9,3,8,7,5,2,7,4,1,6,8
1062,0,5,8,7,1,2,7,4,1,7,8
1063,0,8,8,7,1,5,8,8,1,1,0
1064,8,3,1,8,5,7,0,5,0,6,5
1065,0,6,8,7,1,5,7,8,1,0,9
1066,2,7,3,2,2,9,3,2,5,4,2
1067,8,8,1,8,5,7,0,5,0,6,5
1068,2,7,0,1,2,9,3,2,9,4,0
1069,3,6,9,7,7,0,7,9,1,0,9
1070,9,3,3,2,5,2,9,4,5,6,2
1071,8,4,1,8,7,0,0,9,0,3,5
1072,2,8,0,1,2,9,8,2,9,1,0
1073,5,8,7,6,1,5,5,8,8,1,9
1074,5,2,7,6,7,0,1,1,4,5,4
1075,0,6,8,7,1,5,8,4,1,0,9
1076,6,0,2,4,4,8,4,0,7,9,1
1077,2,8,0,1,2,9,0,2,9,1,0
1078,8,4,1,8,7,7,0,5,0,3,5
1079,4,2,4,5,0,6,6,1,3,5,6
1080,0,5,8,7,1,5,8,8,1,7,9
1081,3,4,9,3,7,0,1,9,4,3,4
1082,0,8,8,7,1,5,8,8,1,0,9
1083,2,5,6,0,8,4,8,7,6,7,3
1084,6,0,2,4,4,8,4,0,7,9,1
1085,6,0,2,4,4,8,4,0,7,9,1
1086,2,8,0,1,2,9,3,2,9,1,0
1087,1,5,6,0,8,4,2,7,6,7,3
1088,0,8,8,7,1,5,8,8,1,1,9
1089,2,7,0,1,2,9,3,2,9,4,0
1090,1,1,5,9,3,1,2,3,2,7,3
1091,0,6,8,7,1,5,7,8,1,0,9
1092,3,6,9,7,1,2,7,4,1,0,8
1093,9,3,3,2,2,2,9,4,5,1,2
1094,3,6,9,3,6,3,7,9,1,0,4
1095,1,9,6,0,6,3,2,7,6,7,3
1096,3,4,9,3,7,0,1,9,4,3,4
1097,5,2,7,6,0,6,5,1,8,5,6
1098,5,2,7,6,7,0,1,1,8,5,4
1099,2,8,8,1,2,9,8,2,9,1,0
1100,3,4,9,8,7,0,7,4,4,6,8
1101,9,3,3,2,5,2,9,4,5,6,8
1102,8,4,1,8,5,7,0,5,0,6,5
1103,9,6,3,2,1,2,9,4,5,1,8
1104,4,2,4,5,0,6,6,1,3,5,6
1105,4,2,4,5,0,6,6,1,3,5,6
1106,5,2,7,6,0,6,5,1,8,5,6
1107,6,0,2,4,4,8,4,0,7,9,1
1108,2,5,3,2,8,4,9,7,5,4,2
1109,3,9,9,3,7,0,1,9,4,3,4
1110,0,8,8,7,1,5,8,8,1,0,9
1111,8,3,1,8,5,7,0,5,0,6,5
1112,4,2,4,5,0,6,6,1,3,5,6
1113,9,3,3,2,5,2,9,4,5,1,2
1114,4,2,4,5,0,6,6,1,3,5,6
1115,2,8,0,1,2,9,3,2,9,1,0
1116,8,4,1,8,5,7,0,5,0,6,5
1117,0,8,8,7,1,5,8,8,1,1,9
1118,2,5,6,0,8,4,3,7,6,7,3
1119,8,4,1,8,5,7,0,5,0,6,5
1120,8,4,1,8,5,7,0,5,0,6,5
1121,3,6,9,7,6,3,7,9,1,0,8
1122,4,2,4,5,0,6,6,1,3,5,6
1123,8,4,1,8,5,7,0,5,0,6,5
1124,0,6,8,7,1,5,7,8,1,6,8
1125,1,1,5,9,3,1,2,3,2,2,7
1126,0,6,8,7,1,5,8,8,1,0,9
1127,3,6,9,3,7,0,7,9,4,3,8
1128,0,8,8,7,1,5,8,8,1,1,9
1129,2,8,0,1,2,9,8,2,9,1,0
1130,9,3,3,2,5,7,9,5,5,6,2
1131,2,8,0,1,2,9,3,2,9,1,0
1132,1,5,6,0,8,4,2,7,6,7,3
1133,5,4,7,3,7,0,1,9,4,3,4
1134,0,6,8,7,1,5,7,8,1,0,9
1135,3,6,9,3,7,0,7,9,4,3,4
1136,0,6,8,7,1,5,8,8,1,0,9
1137,0,6,8,7,1,5,8,8,1,0,9
1138,0,6,8,7,1,5,8,8,1,0,9
1139,5,8,7,6,2,9,5,2,8,1,0
1140,0,6,1,7,6,3,7,8,1,0,9
1141,5,5,7,6,1,5,5,8,8,0,9
1142,6,7,2,4,8,4,4,0,7,4,1
1143,6,0,2,4,4,8,4,0,7,9,1
1144,9,3,3,2,5,2,9,4,5,6,8
1145,7,3,3,2,9,2,9,6,5,8,8
1146,5,4,7,6,7,0,1,1,4,5,6
1147,0,8,8,7,1,5,8,8,1,0,9
1148,3,4,9,3,7,0,1,9,4,3,4
1149,4,2,4,5,0,6,6,1,3,5,6
1150,9,3,3,2,1,2,9,4,5,1,8
1151,9,3,3,2,5,9,9,2,5,6,2
1152,2,8,0,1,2,9,8,2,9,1,0
1153,2,7,0,1,2,9,3,2,9,4,0
1154,5,2,7,6,0,6,5,1,8,5,6
1155,3,4,9,3,7,0,1,9,4,3,4
1156,5,2,7,6,0,6,5,1,8,5,6
1157,0,6,8,7,1,5,7,8,1,0,9
1158,0,6,8,7,1,5,8,8,1,0,9
1159,9,3,3,2,2,9,9,2,5,1,2
1160,2,8,0,1,2,9,3,2,9,1,0
1161,0,8,8,7,1,5,8,8,1,0,9
1162,3,6,9,3,7,0,7,9,1,0,9
1163,0,6,9,3,6,5,1,9,1,0,4
1164,3,3,9,3,6,3,1,4,4,3,8
1165,3,4,9,3,7,0,1,9,4,3,4
1166,0,8,8,7,1,5,8,8,1,1,9
1167,5,2,7,6,0,6,5,1,8,5,6
1168,5,8,7,6,1,5,5,8,8,1,9
1169,5,8,7,6,0,5,5,8,8,5,9
1170,4,2,4,5,0,6,6,1,3,5,6
1171,5,8,7,6,2,5,5,2,8,1,0
1172,0,8,8,7,1,5,8,8,1,1,9
1173,0,8,8,7,1,5,8,8,1,0,9
1174,0,8,8,7,1,5,8,8,1,0,9
1175,0,8,8,7,1,5,8,8,1,1,9
1176,0,8,8,1,2,5,8,8,9,1,0
1177,0,8,8,1,2,5,8,8,9,1,0
1178,3,6,9,7,1,0,7,9,1,0,9
1179,1,5,6,0,8,4,2,7,6,7,3
1180,5,2,7,6,0,6,5,1,8,5,6
1181,5,2,7,6,0,6,6,1,3,5,6
1182,9,3,3,2,5,2,9,4,5,6,8
1183,8,4,1,8,5,7,0,5,0,6,5
1184,8,4,1,8,5,7,0,5,0,6,5
1185,6,7,2,4,8,4,3,7,7,4,3
1186,8,4,1,7,1,5,0,8,1,0,9
1187,8,6,1,8,1,7,0,5,0,6,5
1188,6,0,2,4,4,8,4,0,7,9,1
1189,9,6,7,7,1,2,7,4,1,0,8
1190,8,4,1,8,5,7,0,5,0,6,5
1191,9,3,3,2,5,2,9,4,5,6,2
1192,3,6,9,3,7,0,1,9,4,3,4
1193,9,3,3,2,5,7,9,5,5,1,2
1194,5,4,7,6,7,0,1,9,4,3,4
1195,6,0,2,4,4,8,4,0,7,9,1
1196,3,6,9,7,1,0,7,8,1,0,9
1197,5,3,7,6,1,2,5,4,8,1,8
1198,9,3,3,2,5,4,9,7,5,6,2
1199,1,1,5,9,3,1,2,3,2,2,7
1200,3,9,9,3,7,0,1,9,4,3,4
1201,4,2,4,5,0,6,6,1,3,5,6
1202,8,3,1,8,5,7,0,5,0,6,5
1203,5,2,7,6,0,6,5,1,8,5,6
1204,3,4,9,3,7,0,1,9,4,3,4
1205,8,8,1,8,5,7,0,5,0,6,5
1206,2,7,0,1,2,9,3,2,9,4,2
1207,6,0,2,4,4,8,4,0,7,9,1
1208,6,0,2,4,4,8,4,0,7,9,1
1209,6,0,2,4,4,8,4,0,7,9,1
1210,0,6,8,7,1,5,8,8,1,0,9
1211,3,6,9,3,7,0,7,9,4,0,4
1212,9,8,3,2,2,2,9,4,5,1,0
1213,4,2,4,5,0,6,6,1,3,5,6
1214,8,4,1,3,6,7,1,5,4,0,4
1215,9,6,8,7,1,2,7,4,1,0,8
1216,3,4,9,3,7,0,1,9,4,3,4
1217,3,3,9,3,5,3,1,9,4,6,8
1218,1,9,6,0,6,3,7,3,2,7,4
1219,1,5,6,0,8,4,2,7,6,7,3
1220,8,4,1,3,6,3,1,9,4,3,4
1221,0,6,8,7,1,5,8,8,1,0,9
1222,4,2,4,5,0,6,6,1,3,5,6
1223,4,2,4,5,0,6,6,1,3,5,6
1224,9,3,3,2,1,2,9,4,5,1,8
1225,6,0,2,4,4,8,4,0,7,9,1
1226,8,3,1,8,5,7,0,5,0,6,5
1227,2,7,0,1,2,9,3,2,9,4,0
1228,8,4,1,8,5,7,0,5,0,6,5
1229,9,3,3,2,2,2,9,4,5,1,2
1230,5,5,6,0,6,3,5,7,6,7,3
1231,0,8,8,7,1,5,8,8,1,1,9
1232,0,8,8,1,1,5,8,8,9,1,9
1233,0,6,8,7,1,5,8,8,1,0,9
1234,2,8,0,1,2,9,8,2,9,1,0
1235,3,6,9,7,5,2,7,4,1,6,8
1236,0,6,8,7,1,5,8,8,1,0,9
1237,1,5,6,0,8,4,2,7,6,7,3
1238,1,5,6,0,6,3,2,7,6,7,3
1239,1,5,6,0,8,4,2,7,6,7,3
1240,0,8,8,6,1,5,5,8,8,1,9
1241,0,6,8,7,1,5,7,8,1,0,9
1242,0,8,8,1,2,5,8,8,9,1,0
1243,0,8,8,1,2,5,8,8,9,1,0
1244,5,2,7,6,0,6,5,1,8,5,6
1245,5,5,7,6,8,5,5,7,8,7,3
1246,2,7,3,2,2,9,9,2,5,4,2
1247,5,8,7,6,2,5,5,8,8,1,0
1248,2,8,0,1,2,9,3,2,9,1,0
1249,2,8,0,1,2,9,9,2,9,1,0
1250,9,6,3,2,1,2,9,4,5,1,8
1251,5,2,7,6,0,6,5,1,8,5,6
1252,4,2,4,5,0,6,6,1,3,5,6
1253,0,6,8,7,1,2,7,4,1,0,8
1254,1,5,6,0,8,4,2,7,6,7,3
1255,3,4,9,3,7,0,1,9,4,3,4
1256,3,6,9,3,7,0,7,9,4,3,8
1257,3,6,9,3,7,0,1,9,4,3,4
1258,3,6,9,3,7,0,7,9,4,3,8
1259,4,2,4,5,0,6,6,1,3,5,6
1260,3,4,9,3,7,0,1,9,4,3,4
1261,3,4,9,3,7,0,1,9,4,3,4
1262,5,6,7,6,1,0,5,9,8,0,9
1263,9,3,3,2,1,2,9,4,5,1,8
1264,9,3,3,2,1,2,9,4,5,1,8
1265,6,0,2,4,4,8,4,0,7,9,1
1266,9,3,3,2,1,2,9,4,5,1,8
1267,6,0,2,4,4,8,4,0,7,9,1
1268,6,0,2,4,4,8,4,0,7,9,1
1269,2,8,0,1,2,9,3,2,9,1,0
1270,2,8,0,1,2,9,3,2,9,1,0
1271,0,6,8,7,1,5,7,8,1,0,9
1272,0,6,8,7,1,5,8,8,1,0,9
1273,0,6,8,7,1,5,8,8,1,0,9
1274,4,2,4,5,0,6,6,1,3,5,6
1275,4,2,4,5,0,6,6,1,3,5,6
1276,0,8,8,7,1,5,8,8,1,1,9
1277,1,5,6,0,8,4,2,7,6,7,3
1278,0,6,8,7,1,5,7,4,1,0,9
1279,3,4,9,3,7,0,1,9,4,3,4
1280,0,6,8,7,1,5,8,8,1,0,9
1281,3,6,9,3,7,0,7,9,1,0,9
1282,3,6,9,7,1,0,7,9,1,0,8
1283,3,6,9,7,1,0,7,9,1,0,8
1284,2,8,0,1,2,9,3,2,9,1,0
1285,5,2,7,6,0,5,5,8,8,5,9
1286,5,4,7,6,7,0,5,9,8,3,8
1287,4,2,4,5,0,6,6,1,3,5,6
1288,4,1,4,5,0,6,2,1,2,5,7
1289,0,6,8,7,1,5,7,8,1,0,9
1290,5,5,7,6,1,5,5,8,8,0,9
1291,2,8,0,1,2,9,3,2,9,1,0
1292,3,4,9,3,7,0,7,9,4,3,8
1293,0,6,8,7,1,5,8,8,1,0,9
1294,9,3,3,2,2,2,9,4,5,1,2
1295,0,6,8,7,1,5,8,8,1,0,9
1296,2,7,0,1,2,9,3,2,9,4,2
1297,2,7,0,1,2,9,3,2,9,4,0
1298,0,5,6,0,8,4,8,7,6,7,3
1299,6,7,2,4,4,8,4,0,7,4,1
1300,0,8,8,7,1,5,8,8,1,0,9
1301,0,8,8,7,1,5,8,8,1,0,9
1302,0,6,8,7,1,5,8,8,1,0,9
1303,0,8,8,7,1,5,8,8,1,1,9
1304,1,1,5,9,8,4,2,3,2,2,7
1305,0,6,8,7,1,5,8,8,1,0,9
1306,5,5,7,6,6,3,5,4,8,7,8
1307,2,8,0,1,2,9,3,2,9,1,0
1308,0,8,8,1,2,5,8,8,9,1,0
1309,0,8,8,7,1,5,8,8,1,0,9
1310,0,6,8,7,1,5,8,8,1,0,9
1311,0,5,8,7,1,5,8,8,1,0,9
1312,8,3,1,8,5,7,0,5,0,6,5
1313,0,6,8,7,1,5,8,8,1,0,9
1314,0,6,8,7,6,3,7,8,1,0,9
1315,2,7,0,1,2,9,3,2,9,1,0
1316,3,4,9,3,7,0,1,9,4,3,4
1317,3,4,9,3,7,0,1,9,4,3,8
1318,5,4,7,6,0,6,5,1,8,5,6
1319,4,2,4,5,0,6,6,1,3,5,6
1320,8,3,1,8,5,7,0,5,0,6,5
1321,3,4,9,3,7,0,1,9,4,3,4
1322,5,2,7,6,0,6,5,1,8,5,6
1323,1,1,6,0,8,4,2,7,2,2,7
1324,0,6,8,7,1,5,7,8,1,0,9
1325,0,8,8,1,2,5,8,8,9,1,0
1326,9,8,3,2,1,2,9,4,5,1,8
1327,3,9,6,3,6,3,7,3,2,7,4
1328,0,6,8,7,1,5,8,8,1,0,9
1329,0,8,8,7,1,5,5,8,1,1,9
1330,0,8,8,7,1,5,8,8,1,0,9
1331,0,8,8,7,1,5,8,8,1,0,9
1332,0,8,8,7,1,5,8,8,1,0,9
1333,4,1,4,5,0,6,6,1,2,5,6
1334,9,3,3,2,5,2,7,4,5,6,8
1335,2,7,0,1,2,9,3,2,9,4,0
1336,3,6,9,7,7,0,7,9,1,0,9
1337,2,7,0,1,2,9,3,2,9,4,0
1338,0,8,8,7,1,5,8,8,1,0,9
1339,2,8,0,1,2,9,3,2,9,1,0
1340,9,8,8,2,1,2,9,4,5,1,8
1341,2,8,0,1,2,9,3,2,9,1,0
1342,0,6,8,7,1,5,8,8,1,0,9
1343,2,8,0,1,2,9,3,2,9,1,0
1344,8,4,1,8,5,7,0,5,0,6,5
1345,9,8,8,2,2,2,9,4,5,1,0
1346,2,7,0,1,2,9,3,2,9,4,0
1347,0,6,8,7,1,2,7,4,1,0,8
1348,3,4,9,3,7,0,1,9,4,3,4
1349,2,8,0,1,2,9,3,2,9,1,0
1350,2,7,0,2,8,4,3,2,5,4,2
1351,0,8,8,1,1,5,8,8,9,1,0
1352,9,8,8,7,1,2,7,4,1,1,8
1353,0,6,8,7,1,5,7,8,1,0,9
1354,6,0,2,4,4,8,4,0,7,9,1
1355,2,8,0,6,2,9,5,2,8,1,0
1356,6,0,2,4,4,8,4,0,7,9,1
1357,4,2,4,5,0,6,6,1,3,5,6
1358,2,7,0,1,2,9,3,2,9,4,0
1359,5,2,7,6,0,6,5,1,8,5,6
1360,8,3,3,8,5,7,0,5,0,6,5
1361,9,3,3,2,5,2,9,4,5,6,2
1362,8,3,3,8,5,7,0,5,0,6,5
1363,6,0,2,4,4,8,4,0,7,9,1
1364,6,0,2,4,4,8,4,0,7,9,1
1365,8,3,1,8,5,7,0,5,0,6,5
1366,5,2,7,6,0,6,5,1,8,5,6
1367,0,8,8,7,1,5,8,8,1,1,9
1368,0,5,6,7,1,5,8,8,1,7,9
1369,6,0,2,4,4,8,4,0,7,9,1
1370,8,3,1,8,5,7,0,4,0,6,8
1371,0,6,8,7,1,5,7,8,1,0,9
1372,0,6,9,7,6,3,7,8,1,0,9
1373,1,5,6,0,8,4,2,7,6,7,3
1374,3,9,9,3,6,3,1,9,4,3,4
1375,8,4,1,8,7,0,0,5,0,3,5
1376,5,4,7,3,7,0,1,9,4,3,4
1377,8,3,3,8,5,7,0,5,0,6,5
1378,3,9,9,3,7,0,1,9,4,3,4
1379,9,5,3,2,1,2,9,4,5,1,2
1380,8,8,1,8,5,7,0,5,0,6,5
1381,8,3,1,8,5,7,0,5,0,6,5
1382,4,2,4,5,0,6,6,1,3,5,6
1383,8,4,1,8,5,7,0,5,0,6,5
1384,4,2,4,5,0,6,6,1,3,5,6
1385,9,3,3,2,5,7,9,5,5,6,2
1386,6,0,2,4,4,8,4,0,7,9,1
1387,3,9,9,3,6,3,1,9,4,3,4
1388,7,6,1,7,9,2,0,6,0,8,8
1389,7,8,1,1,9,9,5,6,8,8,0
1390,9,3,3,2,5,2,9,4,5,6,2
1391,2,7,0,2,2,9,3,2,5,1,2
1392,6,7,2,4,4,8,3,0,7,4,1
1393,6,7,2,4,4,8,3,0,7,4,1
1394,9,3,3,2,5,7,9,5,5,6,2
1395,2,8,0,1,2,9,3,2,9,4,0
1396,1,1,6,0,8,4,2,7,6,7,3
1397,1,1,5,9,3,1,2,3,2,2,7
1398,9,3,3,2,5,2,9,4,5,6,2
1399,6,7,2,4,4,8,4,0,7,4,1
1400,8,5,1,8,6,7,0,5,0,0,5
1401,8,4,1,8,5,7,0,5,0,6,5
1402,2,7,0,1,2,9,3,2,9,4,0
1403,2,7,0,1,2,9,3,2,9,4,0
1404,0,6,8,7,1,5,7,8,1,0,9
1405,8,3,3,8,5,7,0,5,0,6,5
1406,5,4,7,6,1,5,5,8,8,0,9
1407,8,4,1,8,5,7,0,5,0,6,5
1408,6,0,2,4,4,8,4,0,7,9,1
1409,0,8,8,1,2,5,8,8,9,1,0
1410,6,7,2,4,4,8,3,0,7,4,1
1411,8,3,1,8,5,7,0,5,0,6,5
1412,5,5,6,6,8,5,5,7,8,7,3
1413,2,3,3,2,2,9,9,2,5,1,2
1414,0,8,8,1,1,5,8,8,9,1,0
1415,4,2,4,5,0,6,6,1,3,5,6
1416,9,3,3,2,5,2,9,4,5,1,2
1417,8,4,1,8,5,7,0,5,0,6,5
1418,8,5,6,0,6,3,0,7,6,7,3
1419,8,3,3,8,5,7,0,5,0,6,5
1420,6,0,2,4,4,8,4,0,7,9,1
1421,2,7,0,1,2,9,3,2,9,4,0
1422,0,6,8,7,1,5,7,8,1,0,9
1423,6,0,2,4,4,8,4,0,7,9,1
1424,2,7,0,4,2,9,3,2,7,4,2
1425,5,4,7,6,0,6,5,1,8,5,6
1426,9,3,3,2,5,7,9,5,5,6,2
1427,8,4,1,8,5,7,0,5,0,6,5
1428,9,3,3,2,2,9,9,2,5,1,2
1429,9,3,3,2,5,2,9,4,5,6,8
1430,3,4,9,3,7,0,1,9,4,3,4
1431,0,5,6,0,8,4,8,7,6,7,3
1432,6,0,2,4,4,8,4,0,7,9,1
1433,9,3,3,2,5,7,9,5,5,6,2
1434,6,0,2,4,4,8,4,0,7,9,1
1435,5,2,7,6,0,6,6,1,3,5,6
1436,6,0,2,4,4,8,4,0,7,9,1
1437,6,0,2,4,4,8,4,0,7,9,1
1438,8,3,3,8,5,7,0,5,0,6,2
1439,1,1,5,4,8,4,2,0,7,2,7
1440,2,7,0,4,4,9,3,2,7,4,2
1441,5,4,7,6,7,0,5,9,8,3,8
1442,6,7,2,4,4,8,3,0,7,4,1
1443,6,7,2,4,4,8,4,0,7,4,1
1444,9,8,3,2,2,9,9,2,5,1,0
1445,8,3,1,8,5,7,0,5,0,6,5
1446,1,1,5,9,3,1,2,3,2,2,7
1447,3,4,9,3,7,0,1,9,4,3,4
1448,4,2,4,5,0,6,6,1,3,5,6
1449,2,8,0,1,2,9,3,2,9,1,0
1450,6,0,2,4,4,8,4,0,7,9,1
1451,3,6,9,7,1,2,7,4,1,0,8
1452,4,2,4,5,0,6,6,1,3,5,6
1453,5,9,1,3,6,3,1,1,4,5,4
1454,1,1,5,9,3,1,2,3,2,2,7
1455,4,2,4,5,0,6,6,1,3,5,6
1456,6,0,2,4,4,8,4,0,7,9,1
1457,0,6,8,7,1,5,7,8,1,0,9
1458,9,3,3,2,2,2,9,2,5,1,2
1459,4,2,4,5,0,6,6,1,3,5,6
1460,1,1,5,9,8,4,2,3,2,2,7
1461,6,0,2,4,4,8,4,0,7,9,1
1462,1,1,5,9,3,1,2,3,2,2,7
1463,5,4,7,6,7,0,5,4,8,0,8
1464,3,4,9,3,7,0,1,9,4,3,4
1465,4,2,4,5,0,6,5,1,8,5,6
1466,8,4,1,8,5,7,0,5,0,6,5
1467,3,6,9,7,6,3,7,4,1,0,8
1468,9,3,3,2,5,2,9,4,5,6,8
1469,8,3,9,8,5,2,7,4,0,6,8
1470,1,5,8,7,3,4,2,7,6,2,7
1471,0,6,8,7,1,5,8,8,1,0,9
1472,4,2,4,5,0,6,5,1,8,5,6
1473,2,8,0,1,2,9,3,2,9,1,0
1474,9,8,3,2,1,2,9,4,5,1,8
1475,2,8,0,1,2,9,3,2,9,4,0
1476,0,8,8,1,1,5,8,8,9,1,0
1477,3,9,9,3,6,3,7,3,2,7,4
1478,3,9,9,3,6,3,7,9,4,0,4
1479,6,7,2,4,4,8,3,0,7,4,1
1480,5,2,7,6,0,6,5,1,8,5,6
1481,2,7,0,1,2,9,3,2,9,4,0
1482,5,6,7,6,7,0,5,9,8,0,4
1483,2,8,0,1,2,9,3,2,9,1,0
