,79
0,0.30672144889831543
