,0,1,2,3,4,5,6,7,8,9,10
0,1,1,1,1,1,1,1,1,1,1,1
1,1,0,0,0,0,0,0,0,0,0,0
2,1,1,1,1,1,1,1,1,1,1,1
3,1,1,1,1,1,0,0,0,0,0,0
4,1,1,1,1,1,1,1,1,1,1,1
5,1,1,1,1,1,1,1,1,1,1,1
6,1,1,1,1,1,1,1,1,1,1,0
7,1,1,1,1,1,1,1,1,1,1,1
8,1,1,1,1,1,1,1,1,1,1,1
9,1,1,1,1,1,1,1,1,1,1,1
10,1,1,1,1,1,0,0,0,0,0,0
11,1,1,1,1,1,1,1,1,1,1,1
12,0,0,0,0,0,0,0,0,0,0,0
13,1,1,1,1,1,1,1,1,1,1,1
14,1,1,1,1,1,1,1,1,1,1,1
15,1,1,1,1,1,1,1,1,1,1,1
16,1,1,0,0,0,0,0,0,0,0,0
17,1,1,1,1,1,1,1,1,1,1,1
18,1,1,1,1,1,1,1,1,1,1,1
19,0,0,0,0,0,0,0,0,0,0,0
20,0,0,0,0,0,0,0,0,0,0,0
21,1,1,1,1,1,1,1,0,0,0,0
22,1,1,1,1,1,1,1,1,1,1,1
23,0,0,0,0,0,0,0,0,0,0,0
24,1,1,1,1,1,1,1,1,1,1,1
25,1,1,1,1,1,1,1,1,1,1,1
26,1,0,0,0,0,0,0,0,0,0,0
27,1,1,1,1,1,1,1,1,1,1,1
28,1,1,1,1,1,0,0,0,0,0,0
29,0,0,0,0,0,0,0,0,0,0,0
30,1,1,1,1,1,1,1,1,1,1,1
31,1,1,1,0,0,0,0,0,0,0,0
32,1,1,1,1,1,0,0,0,0,0,0
33,1,1,1,1,1,1,1,1,1,1,1
34,1,1,1,1,1,1,1,1,1,1,1
35,1,1,1,1,1,1,1,0,0,0,0
36,1,1,1,1,1,0,0,0,0,0,0
37,1,1,1,1,1,0,0,0,0,0,0
38,1,1,1,1,1,1,1,1,1,1,1
39,1,1,1,1,1,1,1,1,1,1,1
40,1,1,1,1,1,1,1,1,1,1,1
41,1,1,1,1,1,1,1,1,1,1,1
42,1,1,1,1,1,1,1,1,1,1,1
43,0,0,0,0,0,0,0,0,0,0,0
44,0,0,0,0,0,0,0,0,0,0,0
45,1,1,1,1,1,1,1,1,1,1,1
46,1,1,1,1,0,0,0,0,0,0,0
47,0,0,0,0,0,0,0,0,0,0,0
48,1,1,1,1,1,1,1,1,1,1,1
49,1,1,1,1,1,1,1,1,1,1,1
50,0,0,0,0,0,0,0,0,0,0,0
51,0,0,0,0,0,0,0,0,0,0,0
52,0,0,0,0,0,0,0,0,0,0,0
53,0,0,0,0,0,0,0,0,0,0,0
54,1,1,1,1,1,1,1,1,1,1,1
55,0,0,0,0,0,0,0,0,0,0,0
56,0,0,0,0,0,0,0,0,0,0,0
57,0,0,0,0,0,0,0,0,0,0,0
58,1,1,1,1,1,1,1,1,1,1,1
59,1,1,1,1,1,1,1,1,1,1,1
60,1,1,1,1,1,1,1,1,1,1,1
61,1,1,1,0,0,0,0,0,0,0,0
62,1,1,1,1,1,1,1,1,1,1,1
63,0,0,0,0,0,0,0,0,0,0,0
64,0,0,0,0,0,0,0,0,0,0,0
65,1,1,1,1,1,1,1,1,1,1,1
66,1,1,1,1,1,1,1,1,1,1,1
67,0,0,0,0,0,0,0,0,0,0,0
68,0,0,0,0,0,0,0,0,0,0,0
69,0,0,0,0,0,0,0,0,0,0,0
70,1,1,1,1,1,1,1,1,1,1,1
71,1,1,1,1,1,1,0,0,0,0,0
72,0,0,0,0,0,0,0,0,0,0,0
73,1,1,1,1,1,1,1,1,1,1,1
74,0,0,0,0,0,0,0,0,0,0,0
75,0,0,0,0,0,0,0,0,0,0,0
76,1,1,1,1,1,1,1,1,1,1,1
77,0,0,0,0,0,0,0,0,0,0,0
78,1,1,1,1,1,1,1,1,1,1,1
79,0,0,0,0,0,0,0,0,0,0,0
80,1,1,1,1,1,1,1,1,1,1,1
81,0,0,0,0,0,0,0,0,0,0,0
82,0,0,0,0,0,0,0,0,0,0,0
83,1,0,0,0,0,0,0,0,0,0,0
84,0,0,0,0,0,0,0,0,0,0,0
85,1,1,1,1,0,0,0,0,0,0,0
86,1,1,1,1,1,1,1,1,1,1,1
87,1,1,1,1,1,1,1,1,1,1,1
88,0,0,0,0,0,0,0,0,0,0,0
89,1,1,1,1,1,1,1,1,1,1,1
90,1,1,1,1,1,1,1,1,1,1,1
91,1,1,1,1,1,1,1,0,0,0,0
92,1,1,1,1,1,1,1,1,1,1,1
93,1,1,0,0,0,0,0,0,0,0,0
94,1,1,1,1,1,1,1,1,1,1,1
95,0,0,0,0,0,0,0,0,0,0,0
96,0,0,0,0,0,0,0,0,0,0,0
97,1,1,0,0,0,0,0,0,0,0,0
98,1,1,1,1,1,1,1,1,1,1,1
99,1,1,1,1,1,1,1,1,1,1,1
100,1,1,1,1,1,1,1,1,1,1,1
101,1,1,1,1,1,1,1,1,1,1,1
102,0,0,0,0,0,0,0,0,0,0,0
103,1,1,1,1,1,1,1,1,1,1,1
104,1,1,1,1,1,1,1,1,1,1,1
105,1,1,1,1,1,1,1,1,1,1,1
106,1,1,1,1,1,1,1,1,1,1,1
107,1,1,1,1,1,1,1,1,1,1,1
108,1,1,1,1,1,1,0,0,0,0,0
109,0,0,0,0,0,0,0,0,0,0,0
110,1,1,1,1,1,1,1,1,1,1,1
111,1,1,1,1,1,0,0,0,0,0,0
112,1,1,1,1,1,0,0,0,0,0,0
113,1,1,1,1,1,1,1,1,1,1,1
114,0,0,0,0,0,0,0,0,0,0,0
115,0,0,0,0,0,0,0,0,0,0,0
116,1,1,1,1,1,1,1,1,1,1,1
117,1,1,1,1,1,1,1,1,1,1,1
118,0,0,0,0,0,0,0,0,0,0,0
119,1,1,1,1,1,1,1,1,1,1,1
120,1,1,1,1,1,1,1,1,1,1,1
121,0,0,0,0,0,0,0,0,0,0,0
122,1,0,0,0,0,0,0,0,0,0,0
123,0,0,0,0,0,0,0,0,0,0,0
124,0,0,0,0,0,0,0,0,0,0,0
125,1,1,0,0,0,0,0,0,0,0,0
126,1,1,1,1,1,1,1,1,1,1,1
127,1,1,1,1,1,1,1,1,1,1,1
128,1,1,1,1,0,0,0,0,0,0,0
129,1,1,1,1,1,1,1,1,1,1,1
130,1,1,1,1,1,1,1,1,1,1,1
131,1,1,1,1,1,1,1,1,1,1,1
132,1,1,1,1,1,1,1,1,1,1,1
133,1,1,1,1,1,1,1,1,1,1,1
134,0,0,0,0,0,0,0,0,0,0,0
135,1,1,1,1,1,1,1,1,1,1,1
136,1,1,1,1,1,0,0,0,0,0,0
137,0,0,0,0,0,0,0,0,0,0,0
138,1,1,1,1,1,1,1,0,0,0,0
139,1,1,1,1,1,1,1,1,1,1,1
140,0,0,0,0,0,0,0,0,0,0,0
141,1,1,1,1,1,1,1,1,1,1,1
142,0,0,0,0,0,0,0,0,0,0,0
143,0,0,0,0,0,0,0,0,0,0,0
144,0,0,0,0,0,0,0,0,0,0,0
145,0,0,0,0,0,0,0,0,0,0,0
146,1,1,1,1,1,1,1,1,1,1,1
147,1,1,1,1,1,1,1,1,1,1,1
148,0,0,0,0,0,0,0,0,0,0,0
149,0,0,0,0,0,0,0,0,0,0,0
150,0,0,0,0,0,0,0,0,0,0,0
151,1,1,1,1,1,1,1,1,1,1,1
152,0,0,0,0,0,0,0,0,0,0,0
153,0,0,0,0,0,0,0,0,0,0,0
154,0,0,0,0,0,0,0,0,0,0,0
155,1,1,1,1,0,0,0,0,0,0,0
156,0,0,0,0,0,0,0,0,0,0,0
157,0,0,0,0,0,0,0,0,0,0,0
158,1,1,1,1,1,1,1,1,1,1,1
159,0,0,0,0,0,0,0,0,0,0,0
160,0,0,0,0,0,0,0,0,0,0,0
161,1,1,1,1,1,1,1,1,1,1,1
162,1,1,1,1,1,1,1,1,1,1,1
163,0,0,0,0,0,0,0,0,0,0,0
164,0,0,0,0,0,0,0,0,0,0,0
165,1,1,1,1,1,1,1,1,1,1,1
166,1,1,1,1,1,1,1,1,1,1,1
167,1,1,1,1,1,1,1,1,1,1,1
168,0,0,0,0,0,0,0,0,0,0,0
169,1,1,1,1,1,1,1,0,0,0,0
170,1,1,1,1,1,1,1,1,1,1,1
171,1,1,1,1,1,1,1,1,1,1,1
172,0,0,0,0,0,0,0,0,0,0,0
173,0,0,0,0,0,0,0,0,0,0,0
174,0,0,0,0,0,0,0,0,0,0,0
175,1,1,1,1,1,1,1,1,1,1,1
176,1,1,1,1,1,1,0,0,0,0,0
177,0,0,0,0,0,0,0,0,0,0,0
178,1,1,1,1,1,1,1,1,1,1,1
179,0,0,0,0,0,0,0,0,0,0,0
180,1,1,1,0,0,0,0,0,0,0,0
181,1,0,0,0,0,0,0,0,0,0,0
182,0,0,0,0,0,0,0,0,0,0,0
183,1,1,1,1,1,1,1,1,1,1,1
184,1,1,1,0,0,0,0,0,0,0,0
185,1,1,1,1,1,1,1,1,1,1,1
186,1,1,1,1,1,1,1,1,1,1,1
187,1,1,1,1,1,1,1,1,1,1,1
188,1,1,1,1,1,1,0,0,0,0,0
189,0,0,0,0,0,0,0,0,0,0,0
190,1,1,1,1,1,1,1,1,1,1,1
191,1,1,1,1,1,1,1,1,1,1,1
192,1,1,1,1,1,1,1,1,1,1,1
193,1,1,1,1,1,1,1,1,1,1,1
194,1,1,1,1,1,1,1,1,1,1,1
195,1,1,1,1,1,1,1,1,1,1,1
196,0,0,0,0,0,0,0,0,0,0,0
197,1,1,1,1,1,1,1,1,1,1,1
198,0,0,0,0,0,0,0,0,0,0,0
199,1,1,1,1,1,1,1,0,0,0,0
200,0,0,0,0,0,0,0,0,0,0,0
201,1,0,0,0,0,0,0,0,0,0,0
202,1,1,1,1,1,1,1,1,1,1,1
203,0,0,0,0,0,0,0,0,0,0,0
204,0,0,0,0,0,0,0,0,0,0,0
205,0,0,0,0,0,0,0,0,0,0,0
206,1,1,1,1,1,1,1,1,1,1,1
207,0,0,0,0,0,0,0,0,0,0,0
208,0,0,0,0,0,0,0,0,0,0,0
209,1,1,1,1,1,1,1,1,1,1,1
210,1,1,1,1,1,1,1,1,1,1,1
211,0,0,0,0,0,0,0,0,0,0,0
212,1,1,1,1,0,0,0,0,0,0,0
213,1,1,1,1,1,1,1,1,1,1,1
214,1,1,1,1,1,1,1,1,1,1,1
215,0,0,0,0,0,0,0,0,0,0,0
216,0,0,0,0,0,0,0,0,0,0,0
217,0,0,0,0,0,0,0,0,0,0,0
218,1,1,1,1,1,1,1,1,1,1,1
219,1,1,1,1,1,1,1,1,1,1,1
220,0,0,0,0,0,0,0,0,0,0,0
221,1,1,1,1,1,1,1,1,1,1,1
222,1,1,1,1,1,1,1,1,1,1,1
223,0,0,0,0,0,0,0,0,0,0,0
224,1,1,1,1,1,1,1,1,1,1,1
225,0,0,0,0,0,0,0,0,0,0,0
226,0,0,0,0,0,0,0,0,0,0,0
227,0,0,0,0,0,0,0,0,0,0,0
228,1,1,1,1,0,0,0,0,0,0,0
229,1,1,1,1,1,1,0,0,0,0,0
230,1,1,1,1,1,1,1,1,1,1,1
231,1,1,1,1,1,1,1,1,1,1,1
232,1,1,1,1,1,0,0,0,0,0,0
233,1,1,1,1,1,1,1,1,1,1,1
234,1,1,1,1,1,1,1,1,1,1,1
235,1,1,1,1,1,1,1,1,1,1,1
236,0,0,0,0,0,0,0,0,0,0,0
237,0,0,0,0,0,0,0,0,0,0,0
238,1,1,1,1,1,1,1,1,1,1,1
239,0,0,0,0,0,0,0,0,0,0,0
240,1,1,1,1,1,1,1,1,1,1,1
241,0,0,0,0,0,0,0,0,0,0,0
242,1,1,1,1,1,1,0,0,0,0,0
243,0,0,0,0,0,0,0,0,0,0,0
244,1,1,1,1,1,1,1,1,1,1,1
245,0,0,0,0,0,0,0,0,0,0,0
246,1,1,1,1,1,1,1,1,1,1,1
247,0,0,0,0,0,0,0,0,0,0,0
248,1,1,1,1,1,1,1,1,1,1,1
249,1,1,1,1,1,1,1,1,1,1,1
250,1,1,1,1,1,1,1,1,1,1,1
251,1,1,1,0,0,0,0,0,0,0,0
252,0,0,0,0,0,0,0,0,0,0,0
253,0,0,0,0,0,0,0,0,0,0,0
254,1,1,1,1,1,1,1,1,0,0,0
255,0,0,0,0,0,0,0,0,0,0,0
256,1,1,1,1,0,0,0,0,0,0,0
257,1,1,1,1,1,1,1,1,1,1,1
258,0,0,0,0,0,0,0,0,0,0,0
259,1,1,1,1,1,1,1,1,1,1,1
260,0,0,0,0,0,0,0,0,0,0,0
261,0,0,0,0,0,0,0,0,0,0,0
262,0,0,0,0,0,0,0,0,0,0,0
263,1,1,1,1,1,1,1,1,1,1,1
264,0,0,0,0,0,0,0,0,0,0,0
265,0,0,0,0,0,0,0,0,0,0,0
266,0,0,0,0,0,0,0,0,0,0,0
267,1,1,1,1,1,1,1,1,1,1,1
268,1,1,1,1,1,1,1,1,1,1,1
269,1,1,1,1,1,0,0,0,0,0,0
270,1,1,1,1,1,1,1,1,1,1,1
271,0,0,0,0,0,0,0,0,0,0,0
272,1,1,1,1,1,1,1,1,1,1,1
273,1,1,1,1,1,1,1,1,1,1,1
274,1,1,1,1,1,1,1,1,1,1,1
275,0,0,0,0,0,0,0,0,0,0,0
276,0,0,0,0,0,0,0,0,0,0,0
277,0,0,0,0,0,0,0,0,0,0,0
278,1,1,1,1,1,1,1,1,1,1,1
279,0,0,0,0,0,0,0,0,0,0,0
280,0,0,0,0,0,0,0,0,0,0,0
281,0,0,0,0,0,0,0,0,0,0,0
282,0,0,0,0,0,0,0,0,0,0,0
283,0,0,0,0,0,0,0,0,0,0,0
284,1,1,1,1,1,1,1,1,1,1,1
285,1,1,1,1,0,0,0,0,0,0,0
286,1,1,1,1,1,1,1,1,1,1,1
287,1,1,1,1,1,1,1,1,1,1,1
288,1,1,1,1,1,1,1,0,0,0,0
289,1,1,1,1,1,1,1,1,1,1,1
290,0,0,0,0,0,0,0,0,0,0,0
291,1,1,1,1,1,1,0,0,0,0,0
292,0,0,0,0,0,0,0,0,0,0,0
293,0,0,0,0,0,0,0,0,0,0,0
294,1,1,1,1,1,1,1,1,1,1,1
295,1,1,1,1,1,1,1,1,1,1,1
296,1,1,1,1,1,1,1,1,1,1,1
297,0,0,0,0,0,0,0,0,0,0,0
298,0,0,0,0,0,0,0,0,0,0,0
299,1,1,1,1,1,1,1,1,1,1,1
300,1,1,1,1,1,1,1,1,1,1,1
301,0,0,0,0,0,0,0,0,0,0,0
302,0,0,0,0,0,0,0,0,0,0,0
303,0,0,0,0,0,0,0,0,0,0,0
304,0,0,0,0,0,0,0,0,0,0,0
305,0,0,0,0,0,0,0,0,0,0,0
306,0,0,0,0,0,0,0,0,0,0,0
307,1,1,1,1,1,1,1,1,1,1,1
308,0,0,0,0,0,0,0,0,0,0,0
309,1,1,1,1,1,1,1,1,1,1,1
310,1,1,1,1,1,1,1,1,1,1,1
311,0,0,0,0,0,0,0,0,0,0,0
312,1,1,1,1,1,1,1,1,1,1,1
313,1,1,1,1,1,1,1,1,1,1,1
314,1,1,1,1,1,0,0,0,0,0,0
315,1,1,1,1,1,1,1,1,1,1,1
316,1,1,1,1,1,1,1,1,1,1,1
317,1,1,1,1,1,1,1,1,1,1,1
318,0,0,0,0,0,0,0,0,0,0,0
319,1,1,1,1,1,1,1,1,1,1,1
320,0,0,0,0,0,0,0,0,0,0,0
321,1,1,1,1,1,1,1,1,1,1,1
322,1,1,1,1,1,1,1,1,1,1,1
323,0,0,0,0,0,0,0,0,0,0,0
324,1,1,1,1,1,1,1,1,1,1,1
325,0,0,0,0,0,0,0,0,0,0,0
326,1,1,1,1,1,0,0,0,0,0,0
327,1,1,1,1,1,1,1,1,1,1,1
328,1,1,1,1,1,1,1,1,1,1,1
329,1,1,1,1,1,1,0,0,0,0,0
330,1,1,1,1,1,1,1,1,1,1,1
331,0,0,0,0,0,0,0,0,0,0,0
332,1,1,1,1,1,1,1,1,1,1,1
333,1,1,1,1,1,1,1,1,1,1,1
334,1,1,1,1,1,1,1,1,1,1,1
335,0,0,0,0,0,0,0,0,0,0,0
336,0,0,0,0,0,0,0,0,0,0,0
337,0,0,0,0,0,0,0,0,0,0,0
338,0,0,0,0,0,0,0,0,0,0,0
339,1,1,1,1,1,1,1,1,1,1,1
340,1,1,1,1,1,1,1,1,1,1,1
341,0,0,0,0,0,0,0,0,0,0,0
342,0,0,0,0,0,0,0,0,0,0,0
343,1,1,1,1,1,1,1,1,1,1,1
344,1,1,1,1,1,1,1,1,1,1,1
345,0,0,0,0,0,0,0,0,0,0,0
346,0,0,0,0,0,0,0,0,0,0,0
347,1,1,1,0,0,0,0,0,0,0,0
348,1,1,1,1,1,1,1,1,1,1,1
349,0,0,0,0,0,0,0,0,0,0,0
350,1,1,1,1,1,1,0,0,0,0,0
351,0,0,0,0,0,0,0,0,0,0,0
352,0,0,0,0,0,0,0,0,0,0,0
353,1,1,1,1,1,1,1,1,1,1,1
354,1,1,1,1,1,1,1,1,1,1,1
355,1,1,1,1,1,1,1,1,1,1,1
356,1,1,1,1,1,1,1,1,1,1,1
357,0,0,0,0,0,0,0,0,0,0,0
358,1,1,1,1,1,1,1,1,1,1,1
359,1,1,1,1,1,1,1,1,1,1,1
360,0,0,0,0,0,0,0,0,0,0,0
361,0,0,0,0,0,0,0,0,0,0,0
362,1,1,1,1,1,1,1,1,1,1,1
363,1,1,1,1,1,1,1,1,1,1,1
364,0,0,0,0,0,0,0,0,0,0,0
365,1,1,1,1,1,1,1,1,1,1,1
366,1,1,1,1,1,1,1,1,1,1,1
367,1,1,1,1,1,1,1,1,1,1,1
368,0,0,0,0,0,0,0,0,0,0,0
369,0,0,0,0,0,0,0,0,0,0,0
370,1,1,1,1,1,1,1,1,1,1,1
371,0,0,0,0,0,0,0,0,0,0,0
372,1,1,1,1,1,1,1,1,1,1,1
373,1,1,1,1,1,1,1,1,1,1,1
374,0,0,0,0,0,0,0,0,0,0,0
375,1,1,1,1,1,1,0,0,0,0,0
376,1,1,1,1,1,1,1,1,1,1,1
377,1,1,1,1,1,1,1,1,1,1,1
378,1,1,1,1,1,1,1,1,1,1,1
379,1,1,1,1,1,1,1,1,1,1,1
380,1,1,1,1,1,1,1,0,0,0,0
381,1,1,1,1,1,1,0,0,0,0,0
382,1,1,1,1,1,1,1,1,1,1,1
383,0,0,0,0,0,0,0,0,0,0,0
384,0,0,0,0,0,0,0,0,0,0,0
385,1,1,1,1,1,0,0,0,0,0,0
386,0,0,0,0,0,0,0,0,0,0,0
387,1,1,1,1,1,1,1,1,1,1,1
388,1,1,1,1,1,1,1,1,1,1,1
389,1,1,1,1,1,1,1,1,1,1,1
390,0,0,0,0,0,0,0,0,0,0,0
391,0,0,0,0,0,0,0,0,0,0,0
392,0,0,0,0,0,0,0,0,0,0,0
393,0,0,0,0,0,0,0,0,0,0,0
394,1,1,1,1,1,1,1,1,1,1,1
395,1,1,1,1,1,1,1,1,1,1,1
396,0,0,0,0,0,0,0,0,0,0,0
397,1,1,1,1,1,1,1,1,1,1,1
398,1,1,1,1,1,1,1,1,1,1,1
399,0,0,0,0,0,0,0,0,0,0,0
400,1,1,1,1,1,1,1,1,1,1,1
401,1,1,1,1,1,1,1,1,1,1,1
402,1,1,1,1,1,1,1,1,1,1,1
403,1,1,1,1,1,1,1,1,1,1,1
404,1,1,1,1,1,1,1,1,1,1,1
405,1,1,1,1,1,1,1,1,1,1,1
406,1,1,1,1,1,1,1,1,1,1,1
407,1,1,1,1,1,1,1,1,1,1,1
408,1,1,1,1,1,1,1,1,1,1,1
409,1,1,1,1,1,1,1,1,1,1,1
410,1,1,1,1,1,1,1,1,1,1,1
411,1,1,1,1,1,1,1,1,1,1,1
412,1,1,1,1,1,1,1,1,1,1,1
413,1,1,1,1,1,1,1,1,1,1,1
414,1,1,1,1,1,1,1,1,1,1,1
415,1,1,1,1,1,1,1,1,1,1,1
416,1,1,1,1,1,1,1,1,1,1,1
417,1,1,1,1,1,1,1,1,1,1,1
418,1,1,1,1,1,1,1,1,1,1,1
419,1,1,1,1,1,1,1,1,1,1,1
420,1,1,1,1,1,1,1,1,1,1,1
421,1,1,1,1,1,1,1,1,1,1,1
422,1,1,1,1,1,1,1,1,1,1,1
423,1,1,1,1,1,1,1,1,1,1,1
424,1,1,1,1,1,1,1,1,1,1,1
425,1,1,1,1,1,1,1,1,1,1,1
426,1,1,1,1,1,1,1,1,1,1,1
427,1,1,1,1,1,1,1,1,1,1,1
428,1,1,1,1,1,1,1,1,1,1,1
429,1,1,1,1,1,1,1,1,1,1,1
430,1,1,1,1,1,1,1,1,1,1,1
431,1,1,1,1,1,1,1,1,1,1,1
432,1,1,1,1,1,1,1,1,1,1,1
433,1,1,1,1,1,1,1,1,1,1,1
434,1,1,1,1,1,1,1,1,1,1,1
435,1,1,1,1,1,1,1,1,1,1,1
436,1,1,1,1,1,1,1,1,1,1,1
437,1,1,1,1,1,1,1,1,1,1,1
438,1,1,1,1,1,1,1,1,1,1,1
439,1,1,1,1,1,1,1,1,1,1,1
440,1,1,1,1,1,1,1,1,1,1,1
441,1,1,1,1,1,1,1,1,1,1,1
442,1,1,1,1,1,1,1,1,1,1,1
443,1,1,1,1,1,1,1,1,1,1,1
444,1,1,1,1,1,1,1,1,1,1,1
445,1,1,1,1,1,1,1,1,1,1,1
446,1,1,1,1,1,1,1,1,1,1,1
447,1,1,1,1,1,1,1,1,1,1,1
448,1,1,1,1,1,1,1,1,1,1,1
449,1,1,1,1,1,1,1,1,1,1,1
450,1,1,1,1,1,1,1,1,1,1,1
451,1,1,1,1,1,1,1,1,1,1,1
452,1,1,1,1,1,1,1,1,1,1,1
453,1,1,1,1,1,1,1,1,1,1,1
454,1,1,1,1,1,1,1,1,1,1,1
455,1,1,1,1,1,1,1,1,1,1,1
456,1,1,1,1,1,1,1,1,1,1,1
457,1,1,1,1,1,1,1,1,1,1,1
458,1,1,1,1,1,1,1,1,1,1,1
459,1,1,1,1,1,1,1,1,1,1,1
460,1,1,1,1,1,1,1,1,1,1,1
461,1,1,1,1,1,1,1,1,1,1,1
462,1,1,1,1,1,1,1,1,1,1,1
463,1,1,1,1,1,1,1,1,1,1,1
464,1,1,1,1,1,1,1,1,1,1,1
465,1,1,1,1,1,1,1,1,1,1,1
466,1,1,1,1,1,1,1,1,1,1,1
467,1,1,1,1,1,1,1,1,1,1,1
468,1,1,1,1,1,1,1,1,1,1,1
469,1,1,1,1,1,1,1,1,1,1,1
470,1,1,1,1,1,1,1,1,1,1,1
471,1,1,1,1,1,1,1,1,1,1,1
472,1,1,1,1,1,1,1,1,1,1,1
473,1,1,1,1,1,1,1,1,1,1,1
474,1,1,1,1,1,1,1,1,1,1,1
475,1,1,1,1,1,1,1,1,1,1,1
476,1,1,1,1,1,1,1,1,1,1,1
477,1,1,1,1,1,1,1,1,1,1,1
478,1,1,1,1,1,1,1,1,1,1,1
479,1,1,1,1,1,1,1,1,1,1,1
480,1,1,1,1,1,1,1,1,1,1,1
481,1,1,1,1,1,1,1,1,1,1,1
482,1,1,1,1,1,1,1,1,1,1,1
483,1,1,1,1,1,1,1,1,1,1,1
484,1,1,1,1,1,1,1,1,1,1,1
485,1,1,1,1,1,1,1,1,1,1,1
486,1,1,1,1,1,1,1,1,1,1,1
487,1,1,1,1,1,1,1,1,1,1,1
488,1,1,1,1,1,1,1,1,1,1,1
489,1,1,1,1,1,1,1,1,1,1,1
490,1,1,1,1,1,1,1,1,1,1,1
491,1,1,1,1,1,1,1,1,1,1,1
492,1,1,1,1,1,1,1,1,1,1,1
493,1,1,1,1,1,1,1,1,1,1,1
494,1,1,1,1,1,1,1,1,1,1,1
495,1,1,1,1,1,1,1,1,1,1,1
496,1,1,1,1,1,1,1,1,1,1,1
497,1,1,1,1,1,1,1,1,1,1,1
498,1,1,1,1,1,1,1,1,1,1,1
499,1,1,1,1,1,1,1,1,1,1,1
500,1,1,1,1,1,1,1,1,1,1,1
501,1,1,1,1,1,1,1,1,1,1,1
502,1,1,1,1,1,1,1,1,1,1,1
503,1,1,1,1,1,1,1,1,1,1,1
504,1,1,1,1,1,1,1,1,1,1,1
505,1,1,1,1,1,1,1,1,1,1,1
506,1,1,1,1,1,1,1,1,1,1,1
507,1,1,1,1,1,1,1,1,1,1,1
508,1,1,1,1,1,1,1,1,1,1,1
509,1,1,1,1,1,1,1,1,1,1,1
510,1,1,1,1,1,1,1,1,1,1,1
511,1,1,1,1,1,1,1,1,1,1,1
512,1,1,1,1,1,1,1,1,1,1,1
513,1,1,1,1,1,1,1,1,1,1,1
514,1,1,1,1,1,1,1,1,1,1,1
515,1,1,1,1,1,1,1,1,1,1,1
516,1,1,1,1,1,1,1,1,1,1,1
517,1,1,1,1,1,1,1,1,1,1,1
518,1,1,1,1,1,1,1,1,1,1,1
519,1,1,1,1,1,1,1,1,1,1,1
520,1,1,1,1,1,1,1,1,1,1,1
521,1,1,1,1,1,1,1,1,1,1,1
522,1,1,1,1,1,1,1,1,1,1,1
523,1,1,1,1,1,1,1,1,1,1,1
524,1,1,1,1,1,1,1,1,1,1,1
525,1,1,1,1,1,1,1,1,1,1,1
526,1,1,1,1,1,1,1,1,1,1,1
527,1,1,1,1,1,1,1,1,1,1,1
528,1,1,1,1,1,1,1,1,1,1,1
529,1,1,1,1,1,1,1,1,1,1,1
530,1,1,1,1,1,1,1,1,1,1,1
531,1,1,1,1,1,1,1,1,1,1,1
532,1,1,1,1,1,1,1,1,1,1,1
533,1,1,1,1,1,1,1,1,1,1,1
534,1,1,1,1,1,1,1,1,1,1,1
535,1,1,1,1,1,1,1,1,1,1,1
536,1,1,1,1,1,1,1,1,1,1,1
537,1,1,1,1,1,1,1,1,1,1,1
538,1,1,1,1,1,1,1,1,1,1,1
539,1,1,1,1,1,1,1,1,1,1,1
540,1,1,1,1,1,1,1,1,1,1,1
541,1,1,1,1,1,1,1,1,1,1,1
542,1,1,1,1,1,1,1,1,1,1,1
543,1,1,1,1,1,1,1,1,1,1,1
544,1,1,1,1,1,1,1,1,1,1,1
545,1,1,1,1,1,1,1,1,1,1,1
546,1,1,1,1,1,1,1,1,1,1,1
547,1,1,1,1,1,1,1,1,1,1,1
548,1,1,1,1,1,1,1,1,1,1,1
549,1,1,1,1,1,1,1,1,1,1,1
550,1,1,1,1,1,1,1,1,1,1,1
551,1,1,1,1,1,1,1,1,1,1,1
552,1,1,1,1,1,1,1,1,1,1,1
553,1,1,1,1,1,1,1,1,1,1,1
554,1,1,1,1,1,1,1,1,1,1,1
555,1,1,1,1,1,1,1,1,1,1,1
556,1,1,1,1,1,1,1,1,1,1,1
557,1,1,1,1,1,1,1,1,1,1,1
558,1,1,1,1,1,1,1,1,1,1,1
559,1,1,1,1,1,1,1,1,1,1,1
560,1,1,1,1,1,1,1,1,1,1,1
561,1,1,1,1,1,1,1,1,1,1,1
562,1,1,1,1,1,1,1,1,1,1,1
563,1,1,1,1,1,1,1,1,1,1,1
564,1,1,1,1,1,1,1,1,1,1,1
565,1,1,1,1,1,1,1,1,1,1,1
566,1,1,1,1,1,1,1,1,1,1,1
567,1,1,1,1,1,1,1,1,1,1,1
568,1,1,1,1,1,1,1,1,1,1,1
569,1,1,1,1,1,1,1,1,1,1,1
570,1,1,1,1,1,1,1,1,1,1,1
571,1,1,1,1,1,1,1,1,1,1,1
572,1,1,1,1,1,1,1,1,1,1,1
573,1,1,1,1,1,1,1,1,1,1,1
574,1,1,1,1,1,1,1,1,1,1,1
575,1,1,1,1,1,1,1,1,1,1,1
576,1,1,1,1,1,1,1,1,1,1,1
577,1,1,1,1,1,1,1,1,1,1,1
578,1,1,1,1,1,1,1,1,1,1,1
579,1,1,1,1,1,1,1,1,1,1,1
580,1,1,1,1,1,1,1,1,1,1,1
581,1,1,1,1,1,1,1,1,1,1,1
582,1,1,1,1,1,1,1,1,1,1,1
583,1,1,1,1,1,1,1,1,1,1,1
584,1,1,1,1,1,1,1,1,1,1,1
585,1,1,1,1,1,1,1,1,1,1,1
586,1,1,1,1,1,1,1,1,1,1,1
587,1,1,1,1,1,1,1,1,1,1,1
588,1,1,1,1,1,1,1,1,1,1,1
589,1,1,1,1,1,1,1,1,1,1,1
590,1,1,1,1,1,1,1,1,1,1,1
591,1,1,1,1,1,1,1,1,1,1,1
592,1,1,1,1,1,1,1,1,1,1,1
593,1,1,1,1,1,1,1,1,1,1,1
594,1,1,1,1,1,1,1,1,1,1,1
595,1,1,1,1,1,1,1,1,1,1,1
596,1,1,1,1,1,1,1,1,1,1,1
597,1,1,1,1,1,1,1,1,1,1,1
598,1,1,1,1,1,1,1,1,1,1,1
599,1,1,1,1,1,1,1,1,1,1,1
600,1,1,1,1,1,1,1,1,1,1,1
601,1,1,1,1,1,1,1,1,1,1,1
602,1,1,1,1,1,1,1,1,1,1,1
603,1,1,1,1,1,1,1,1,1,1,1
604,1,1,1,1,1,1,1,1,1,1,1
605,1,1,1,1,1,1,1,1,1,1,1
606,1,1,1,1,1,1,1,1,1,1,1
607,1,1,1,1,1,1,1,1,1,1,1
608,1,1,1,1,1,1,1,1,1,1,1
609,1,1,1,1,1,1,1,1,1,1,1
610,1,1,1,1,1,1,1,1,1,1,1
611,1,1,1,1,1,1,1,1,1,1,1
612,1,1,1,1,1,1,1,1,1,1,1
613,1,1,1,1,1,1,1,1,1,1,1
614,1,1,1,1,1,1,1,1,1,1,1
615,1,1,1,1,1,1,1,1,1,1,1
616,1,1,1,1,1,1,1,1,1,1,1
617,1,1,1,1,1,1,1,1,1,1,1
618,1,1,1,1,1,1,1,1,1,1,1
619,1,1,1,1,1,1,1,1,1,1,1
620,1,1,1,1,1,1,1,1,1,1,1
621,1,1,1,1,1,1,1,1,1,1,1
622,1,1,1,1,1,1,1,1,1,1,1
623,1,1,1,1,1,1,1,1,1,1,1
624,1,1,1,1,1,1,1,1,1,1,1
625,1,1,1,1,1,1,1,1,1,1,1
626,1,1,1,1,1,1,1,1,1,1,1
627,1,1,1,1,1,1,1,1,1,1,1
628,1,1,1,1,1,1,1,1,1,1,1
629,1,1,1,1,1,1,1,1,1,1,1
630,1,1,1,1,1,1,1,1,1,1,1
631,1,1,1,1,1,1,1,1,1,1,1
632,1,1,1,1,1,1,1,1,1,1,1
633,1,1,1,1,1,1,1,1,1,1,1
634,1,1,1,1,1,1,1,1,1,1,1
635,1,1,1,1,1,1,1,1,1,1,1
636,1,1,1,1,1,1,1,1,1,1,1
637,1,1,1,1,1,1,1,1,1,1,1
638,1,1,1,1,1,1,1,1,1,1,1
639,1,1,1,1,1,1,1,1,1,1,1
640,1,1,1,1,1,1,1,1,1,1,1
641,1,1,1,1,1,1,1,1,1,1,1
642,1,1,1,1,1,1,1,1,1,1,1
643,1,1,1,1,1,1,1,1,1,1,1
644,1,1,1,1,1,1,1,1,1,1,1
645,1,1,1,1,1,1,1,1,1,1,1
646,1,1,1,1,1,1,1,1,1,1,1
647,1,1,1,1,1,1,1,1,1,1,1
648,1,1,1,1,1,1,1,1,1,1,1
649,1,1,1,1,1,1,1,1,1,1,1
650,1,1,1,1,1,1,1,1,1,1,1
651,1,1,1,1,1,1,1,1,1,1,1
652,1,1,1,1,1,1,1,1,1,1,1
653,1,1,1,1,1,1,1,1,1,1,1
654,1,1,1,1,1,1,1,1,1,1,1
655,1,1,1,1,1,1,1,1,1,1,1
656,1,1,1,1,1,1,1,1,1,1,1
657,1,1,1,1,1,1,1,1,1,1,1
658,1,1,1,1,1,1,1,1,1,1,1
659,1,1,1,1,1,1,1,1,1,1,1
660,1,1,1,1,1,1,1,1,1,1,1
661,1,1,1,1,1,1,1,1,1,1,1
662,1,1,1,1,1,1,1,1,1,1,1
663,1,1,1,1,1,1,1,1,1,1,1
664,1,1,1,1,1,1,1,1,1,1,1
665,1,1,1,1,1,1,1,1,1,1,1
666,1,1,1,1,1,1,1,1,1,1,1
667,1,1,1,1,1,1,1,1,1,1,1
668,1,1,1,1,1,1,1,1,1,1,1
669,1,1,1,1,1,1,1,1,1,1,1
670,1,1,1,1,1,1,1,1,1,1,1
671,1,1,1,1,1,1,1,1,1,1,1
672,1,1,1,1,1,1,1,1,1,1,1
673,1,1,1,1,1,1,1,1,1,1,1
674,1,1,1,1,1,1,1,1,1,1,1
675,1,1,1,1,1,1,1,1,1,1,1
676,1,1,1,1,1,1,1,1,1,1,1
677,1,1,1,1,1,1,1,1,1,1,1
678,1,1,1,1,1,1,1,1,1,1,1
679,1,1,1,1,1,1,1,1,1,1,1
680,1,1,1,1,1,1,1,1,1,1,1
681,1,1,1,1,1,1,1,1,1,1,1
682,1,1,1,1,1,1,1,1,1,1,1
683,1,1,1,1,1,1,1,1,1,1,1
684,1,1,1,1,1,1,1,1,1,1,1
685,1,1,1,1,1,1,1,1,1,1,1
686,1,1,1,1,1,1,1,1,1,1,1
687,1,1,1,1,1,1,1,1,1,1,1
688,1,1,1,1,1,1,1,1,1,1,1
689,1,1,1,1,1,1,1,1,1,1,1
690,1,1,1,1,1,1,1,1,1,1,1
691,1,1,1,1,1,1,1,1,1,1,1
692,1,1,1,1,1,1,1,1,1,1,1
693,1,1,1,1,1,1,1,1,1,1,1
694,1,1,1,1,1,1,1,1,1,1,1
695,1,1,1,1,1,1,1,1,1,1,1
696,1,1,1,1,1,1,1,1,1,1,1
697,1,1,1,1,1,1,1,1,1,1,1
698,1,1,1,1,1,1,1,1,1,1,1
699,1,1,1,1,1,1,1,1,1,1,1
700,1,1,1,1,1,1,1,1,1,1,1
701,1,1,1,1,1,1,1,1,1,1,1
702,1,1,1,1,1,1,1,1,1,1,1
703,1,1,1,1,1,1,1,1,1,1,1
704,1,1,1,1,1,1,1,1,1,1,1
705,1,1,1,1,1,1,1,1,1,1,1
706,1,1,1,1,1,1,1,1,1,1,1
707,1,1,1,1,1,1,1,1,1,1,1
708,1,1,1,1,1,1,1,1,1,1,1
709,1,1,1,1,1,1,1,1,1,1,1
710,1,1,1,1,1,1,1,1,1,1,1
711,1,1,1,1,1,1,1,1,1,1,1
712,1,1,1,1,1,1,1,1,1,1,1
713,1,1,1,1,1,1,1,1,1,1,1
714,1,1,1,1,1,1,1,1,1,1,1
715,1,1,1,1,1,1,1,1,1,1,1
716,1,1,1,1,1,1,1,1,1,1,1
717,1,1,1,1,1,1,1,1,1,1,1
718,1,1,1,1,1,1,1,1,1,1,1
719,1,1,1,1,1,1,1,1,1,1,1
720,1,1,1,1,1,1,1,1,1,1,1
721,1,1,1,1,1,1,1,1,1,1,1
722,1,1,1,1,1,1,1,1,1,1,1
723,1,1,1,1,1,1,1,1,1,1,1
724,1,1,1,1,1,1,1,1,1,1,1
725,1,1,1,1,1,1,1,1,1,1,1
726,1,1,1,1,1,1,1,1,1,1,1
727,1,1,1,1,1,1,1,1,1,1,1
728,1,1,1,1,1,1,1,1,1,1,1
729,1,1,1,1,1,1,1,1,1,1,1
730,1,1,1,1,1,1,1,1,1,1,1
731,1,1,1,1,1,1,1,1,1,1,1
732,1,1,1,1,1,1,1,1,1,1,1
733,1,1,1,1,1,1,1,1,1,1,1
734,1,1,1,1,1,1,1,1,1,1,1
735,1,1,1,1,1,1,1,1,1,1,1
736,1,1,1,1,1,1,1,1,1,1,1
737,1,1,1,1,1,1,1,1,1,1,1
738,1,1,1,1,1,1,1,1,1,1,1
739,1,1,1,1,1,1,1,1,1,1,1
740,1,1,1,1,1,1,1,1,1,1,1
741,1,1,1,1,1,1,1,1,1,1,1
742,1,1,1,1,1,1,1,1,1,1,1
743,1,1,1,1,1,1,1,1,1,1,1
744,1,1,1,1,1,1,1,1,1,1,1
745,1,1,1,1,1,1,1,1,1,1,1
746,1,1,1,1,1,1,1,1,1,1,1
747,1,1,1,1,1,1,1,1,1,1,1
748,1,1,1,1,1,1,1,1,1,1,1
749,1,1,1,1,1,1,1,1,1,1,1
750,1,1,1,1,1,1,1,1,1,1,1
751,1,1,1,1,1,1,1,1,1,1,1
752,1,1,1,1,1,1,1,1,1,1,1
753,1,1,1,1,1,1,1,1,1,1,1
754,1,1,1,1,1,1,1,1,1,1,1
755,1,1,1,1,1,1,1,1,1,1,1
756,1,1,1,1,1,1,1,1,1,1,1
757,1,1,1,1,1,1,1,1,1,1,1
758,1,1,1,1,1,1,1,1,1,1,1
759,1,1,1,1,1,1,1,1,1,1,1
760,1,1,1,1,1,1,1,1,1,1,1
761,1,1,1,1,1,1,1,1,1,1,1
762,1,1,1,1,1,1,1,1,1,1,1
763,1,1,1,1,1,1,1,1,1,1,1
764,1,1,1,1,1,1,1,1,1,1,1
765,1,1,1,1,1,1,1,1,1,1,1
766,1,1,1,1,1,1,1,1,1,1,1
767,1,1,1,1,1,1,1,1,1,1,1
768,1,1,1,1,1,1,1,1,1,1,1
769,1,1,1,1,1,1,1,1,1,1,1
770,1,1,1,1,1,1,1,1,1,1,1
771,1,1,1,1,1,1,1,1,1,1,1
772,1,1,1,1,1,1,1,1,1,1,1
773,1,1,1,1,1,1,1,1,1,1,1
774,1,1,1,1,1,1,1,1,1,1,1
775,1,1,1,1,1,1,1,1,1,1,1
776,1,1,1,1,1,1,1,1,1,1,1
777,1,1,1,1,1,1,1,1,1,1,1
778,1,1,1,1,1,1,1,1,1,1,1
779,1,1,1,1,1,1,1,1,1,1,1
780,1,1,1,1,1,1,1,1,1,1,1
781,1,1,1,1,1,1,1,1,1,1,1
782,1,1,1,1,1,1,1,1,1,1,1
783,1,1,1,1,1,1,1,1,1,1,1
784,1,1,1,1,1,1,1,1,1,1,1
785,1,1,1,1,1,1,1,1,1,1,1
786,1,1,1,1,1,1,1,1,1,1,1
787,1,1,1,1,1,1,1,1,1,1,1
788,1,1,1,1,1,1,1,1,1,1,1
789,1,1,1,1,1,1,1,1,1,1,1
790,1,1,1,1,1,1,1,1,1,1,1
791,1,1,1,1,1,1,1,1,1,1,1
792,1,1,1,1,1,1,1,1,1,1,1
793,1,1,1,1,1,1,1,1,1,1,1
794,1,1,1,1,1,1,1,1,1,1,1
795,1,1,1,1,1,1,1,1,1,1,1
796,1,1,1,1,1,1,1,1,1,1,1
797,1,1,1,1,1,1,1,1,1,1,1
798,1,1,1,1,1,1,1,1,1,1,1
799,1,1,1,1,1,1,1,1,1,1,1
